10
0.000976562
2
* 1000
. 1
36 84

####################################################################################
#                                                                                  #
#                                                                                  #
#                                                                                  #
#                                                                                  #
#                                                                                  #
#                                       ....  ...                                  #
#..............#            #           .........                                  #
#..............#            #           .........                                  #
#..............#            #           .........                                  #
#**************#            #             .   .                                    #
#**************#            #                                                      #
#************..#            #                                                      #
#..............#            #                                                    * #
#..............#............#                                              ********#
#..............#............#                                           ***********#
#..............#............#                                         **        ** #
#..............#............#                                                      #
#..............#............#                                                      #
#..............#............#                                                      #
#..............#............#                                                      #
#..............#............#           **** ..                                    #
#..............#............################ .. .                #                 #
#...........................#....................................#                 #
#...........................#....................................#                 #
#...........................#...............*****................#                 #
##################################################################                 #
#                                                                                  #
#                                                                                  #
#                                                                                  #
#                                                                                  #
#                                                                                  #
#                                                                                  #
#                                                                                  #
#                                                                                  #
####################################################################################
OLD
0 0 0 0 0 0 0 0 0 0 0 0 0 0 0 0 0 0 0 0 0 0 0 0 0 0 0 0 0 0 0 0 0 0 0 0 0 0 0 0 0 0 0 0 0 0 0 0 0 0 0 0 0 0 0 0 0 0 0 0 0 0 0 0 0 0 0 0 0 0 0 0 0 0 0 0 0 0 0 0 0 0 0 0 
0 7.03807e+07 7.05172e+07 7.0793e+07 7.12134e+07 7.17864e+07 7.25227e+07 7.34356e+07 7.45414e+07 7.58596e+07 7.74128e+07 7.92264e+07 8.13279e+07 8.37436e+07 8.64946e+07 8.95931e+07 9.30452e+07 9.68658e+07 1.01093e+08 1.05788e+08 1.11033e+08 1.16921e+08 1.23555e+08 1.31035e+08 1.39453e+08 1.48868e+08 1.59278e+08 1.70573e+08 1.82511e+08 1.94737e+08 2.06893e+08 2.18738e+08 2.3017e+08 2.41198e+08 2.51904e+08 2.6241e+08 2.72864e+08 2.83429e+08 2.94284e+08 3.05619e+08 3.17633e+08 3.30519e+08 3.44456e+08 3.59604e+08 3.76104e+08 3.94085e+08 4.1365e+08 4.34866e+08 4.57748e+08 4.82276e+08 5.08414e+08 5.3614e+08 5.65437e+08 5.9631e+08 6.28758e+08 6.62787e+08 6.98385e+08 7.35534e+08 7.74187e+08 8.14278e+08 8.5571e+08 8.9835e+08 9.42044e+08 9.86578e+08 1.03174e+09 1.07723e+09 1.1228e+09 1.16805e+09 1.21273e+09 1.25638e+09 1.29874e+09 1.33935e+09 1.37796e+09 1.41415e+09 1.44772e+09 1.47828e+09 1.50567e+09 1.52961e+09 1.54991e+09 1.5664e+09 1.5789e+09 1.58732e+09 1.59155e+09 0 
0 7.03685e+07 7.0504e+07 7.07775e+07 7.11946e+07 7.17632e+07 7.24939e+07 7.33998e+07 7.44971e+07 7.58049e+07 7.73462e+07 7.91476e+07 8.12392e+07 8.36516e+07 8.64092e+07 8.95207e+07 9.29768e+07 9.67777e+07 1.0096e+08 1.05589e+08 1.10753e+08 1.16553e+08 1.23095e+08 1.30494e+08 1.3886e+08 1.48286e+08 1.58809e+08 1.70354e+08 1.82654e+08 1.95245e+08 2.07653e+08 2.19611e+08 2.31048e+08 2.42013e+08 2.52618e+08 2.63004e+08 2.73324e+08 2.83745e+08 2.94447e+08 3.05627e+08 3.17496e+08 3.30256e+08 3.44091e+08 3.5916e+08 3.75601e+08 3.93549e+08 4.13125e+08 4.34402e+08 4.5739e+08 4.82033e+08 5.08285e+08 5.36106e+08 5.65494e+08 5.96444e+08 6.28979e+08 6.63092e+08 6.98796e+08 7.36058e+08 7.7485e+08 8.15101e+08 8.56714e+08 8.99576e+08 9.43493e+08 9.88318e+08 1.03374e+09 1.07959e+09 1.12542e+09 1.1711e+09 1.21603e+09 1.26013e+09 1.30272e+09 1.34375e+09 1.38255e+09 1.41912e+09 1.45283e+09 1.48368e+09 1.51121e+09 1.53534e+09 1.55579e+09 1.57238e+09 1.58502e+09 1.59349e+09 1.59777e+09 0 
0 7.03445e+07 7.04776e+07 7.07467e+07 7.11572e+07 7.17171e+07 7.24367e+07 7.33289e+07 7.4409e+07 7.56958e+07 7.72121e+07 7.89863e+07 8.10539e+07 8.34563e+07 8.62309e+07 8.93844e+07 9.28637e+07 9.6628e+07 1.00715e+08 1.05206e+08 1.10204e+08 1.15817e+08 1.22166e+08 1.29381e+08 1.37612e+08 1.47016e+08 1.57736e+08 1.698e+08 1.82937e+08 1.96371e+08 2.09308e+08 2.21462e+08 2.32868e+08 2.43676e+08 2.54062e+08 2.64197e+08 2.74248e+08 2.84378e+08 2.94768e+08 3.05627e+08 3.17196e+08 3.297e+08 3.43333e+08 3.58247e+08 3.74561e+08 3.92427e+08 4.12015e+08 4.3343e+08 4.5665e+08 4.81552e+08 5.08027e+08 5.3605e+08 5.65599e+08 5.96716e+08 6.29399e+08 6.63695e+08 6.99587e+08 7.37086e+08 7.76146e+08 8.16712e+08 8.58704e+08 9.0197e+08 9.46401e+08 9.91711e+08 1.03779e+09 1.08418e+09 1.1308e+09 1.17702e+09 1.22284e+09 1.26742e+09 1.3109e+09 1.35235e+09 1.39197e+09 1.42886e+09 1.46324e+09 1.49438e+09 1.52237e+09 1.5468e+09 1.56752e+09 1.58444e+09 1.5972e+09 1.6059e+09 1.61022e+09 0 
0 7.03106e+07 7.04401e+07 7.07023e+07 7.11029e+07 7.16498e+07 7.23533e+07 7.32252e+07 7.42801e+07 7.55349e+07 7.70112e+07 7.87376e+07 8.07562e+07 8.31292e+07 8.59337e+07 8.92033e+07 9.27671e+07 9.64766e+07 1.00403e+08 1.04671e+08 1.09405e+08 1.14726e+08 1.20758e+08 1.2765e+08 1.35593e+08 1.44843e+08 1.55733e+08 1.68595e+08 1.83348e+08 1.98426e+08 2.12182e+08 2.24511e+08 2.35748e+08 2.4624e+08 2.56256e+08 2.66002e+08 2.75646e+08 2.8534e+08 2.95248e+08 3.05587e+08 3.16675e+08 3.28786e+08 3.4212e+08 3.56823e+08 3.72931e+08 3.90611e+08 4.1019e+08 4.31832e+08 4.55505e+08 4.80836e+08 5.07676e+08 5.3597e+08 5.6577e+08 5.9709e+08 6.30012e+08 6.6454e+08 7.00731e+08 7.38558e+08 7.78021e+08 8.19063e+08 8.6159e+08 9.05522e+08 9.50624e+08 9.96818e+08 1.04368e+09 1.09117e+09 1.13864e+09 1.18614e+09 1.23275e+09 1.27871e+09 1.32289e+09 1.36566e+09 1.40583e+09 1.44385e+09 1.47868e+09 1.51064e+09 1.5391e+09 1.56401e+09 1.58528e+09 1.60242e+09 1.61571e+09 1.62447e+09 1.62902e+09 0 
0 7.02699e+07 7.03943e+07 7.06468e+07 7.10339e+07 7.15639e+07 7.22465e+07 7.30929e+07 7.41156e+07 7.53287e+07 7.67492e+07 7.84001e+07 8.03233e+07 8.26083e+07 8.54298e+07 8.90093e+07 9.28298e+07 9.64333e+07 1.00091e+08 1.04027e+08 1.08391e+08 1.13303e+08 1.1888e+08 1.25267e+08 1.32672e+08 1.41439e+08 1.52171e+08 1.65916e+08 1.83854e+08 2.02226e+08 2.16914e+08 2.2909e+08 2.39826e+08 2.49746e+08 2.59206e+08 2.68421e+08 2.77536e+08 2.86661e+08 2.95905e+08 3.05449e+08 3.15832e+08 3.27398e+08 3.40347e+08 3.54867e+08 3.70666e+08 3.87915e+08 4.07381e+08 4.2938e+08 4.5394e+08 4.79964e+08 5.07266e+08 5.35918e+08 5.65979e+08 5.97576e+08 6.30748e+08 6.65602e+08 7.02137e+08 7.4041e+08 7.80389e+08 8.22045e+08 8.65322e+08 9.10057e+08 9.56195e+08 1.00338e+09 1.05158e+09 1.10019e+09 1.14929e+09 1.19792e+09 1.24638e+09 1.29338e+09 1.33942e+09 1.38304e+09 1.42489e+09 1.46359e+09 1.4997e+09 1.53228e+09 1.5615e+09 1.58717e+09 1.60877e+09 1.62682e+09 1.64016e+09 1.64963e+09 1.65416e+09 0 
0 7.02272e+07 7.03439e+07 7.05834e+07 7.09532e+07 7.14622e+07 7.212e+07 7.29368e+07 7.39232e+07 7.50891e+07 7.64427e+07 7.799e+07 7.97433e+07 8.1783e+07 8.44221e+07 8.88562e+07 9.34195e+07 9.66671e+07 9.9849e+07 1.03315e+08 1.07203e+08 1.116e+08 1.16586e+08 1.22265e+08 1.28797e+08 1.36479e+08 1.46011e+08 1.59459e+08 1.84342e+08 2.10122e+08 2.24574e+08 2.35533e+08 2.45154e+08 2.54164e+08 2.62872e+08 2.71433e+08 2.79935e+08 2.88416e+08 2.96852e+08 3.05099e+08 3.14486e+08 3.25353e+08 3.3779e+08 3.52481e+08 3.67872e+08 3.83986e+08 4.0311e+08 4.25499e+08 4.52153e+08 4.79102e+08 5.06932e+08 5.35906e+08 5.6626e+08 5.98099e+08 6.31587e+08 6.66765e+08 7.03744e+08 7.4252e+08 7.83135e+08 8.25557e+08 8.69707e+08 9.15549e+08 9.62814e+08 1.0115e+09 1.06106e+09 1.11158e+09 1.16214e+09 1.21304e+09 1.26292e+09 1.31235e+09 1.35963e+09 1.40557e+09 1.4484e+09 1.48897e+09 1.52589e+09 1.55965e+09 1.58976e+09 1.61592e+09 1.63876e+09 1.65681e+09 1.67156e+09 1.68087e+09 1.68606e+09 0 
0 7.01895e+07 7.0294e+07 7.05154e+07 7.08634e+07 7.13475e+07 7.19772e+07 7.27622e+07 7.37119e+07 7.4833e+07 7.61254e+07 7.75688e+07 7.90849e+07 8.05817e+07 8.18638e+07 0 9.56457e+07 9.73088e+07 9.96788e+07 1.0255e+08 1.05887e+08 1.09694e+08 1.13994e+08 1.18813e+08 1.24177e+08 1.30081e+08 1.36348e+08 1.4198e+08 0 2.29745e+08 2.36124e+08 2.4372e+08 2.51509e+08 2.59315e+08 2.6713e+08 2.74976e+08 2.82855e+08 2.90742e+08 2.98549e+08 3.06086e+08 3.14767e+08 3.2492e+08 3.36665e+08 3.50221e+08 3.65245e+08 3.81829e+08 4.01074e+08 4.23797e+08 4.51252e+08 4.78666e+08 5.06787e+08 5.36008e+08 5.66548e+08 5.98648e+08 6.324e+08 6.67972e+08 7.05394e+08 7.44774e+08 7.8611e+08 8.29406e+08 8.74652e+08 9.21686e+08 9.70516e+08 1.02072e+09 1.07237e+09 1.12466e+09 1.17783e+09 1.23058e+09 1.28342e+09 1.33456e+09 1.38486e+09 1.43218e+09 1.47765e+09 1.5193e+09 1.55803e+09 1.59275e+09 1.62363e+09 1.65114e+09 1.67395e+09 1.6941e+09 1.70844e+09 1.71965e+09 1.72461e+09 0 
0 7.07875e+07 7.08817e+07 7.10847e+07 7.14083e+07 7.18629e+07 7.24581e+07 7.32026e+07 7.41029e+07 7.51595e+07 7.63591e+07 7.76571e+07 7.8944e+07 8.00605e+07 8.08061e+07 0 9.65575e+07 9.7601e+07 9.93742e+07 1.01697e+08 1.04484e+08 1.0769e+08 1.11283e+08 1.15222e+08 1.19429e+08 1.23732e+08 1.27735e+08 1.30548e+08 0 2.43364e+08 2.46833e+08 2.52096e+08 2.58241e+08 2.64862e+08 2.71786e+08 2.78929e+08 2.86238e+08 2.93647e+08 3.01047e+08 3.08233e+08 3.16512e+08 3.26254e+08 3.37562e+08 3.50593e+08 3.6524e+08 3.81776e+08 4.00976e+08 4.23729e+08 4.51219e+08 4.78741e+08 5.06912e+08 5.36162e+08 5.66834e+08 5.99082e+08 6.33129e+08 6.69041e+08 7.06982e+08 7.46981e+08 7.89126e+08 8.33432e+08 8.79851e+08 9.2841e+08 9.78824e+08 1.03118e+09 1.08482e+09 1.13994e+09 1.19536e+09 1.25154e+09 1.30664e+09 1.36151e+09 1.41374e+09 1.46461e+09 1.51156e+09 1.55598e+09 1.59571e+09 1.6318e+09 1.6638e+09 1.69134e+09 1.71653e+09 1.73602e+09 1.75378e+09 1.76431e+09 1.77102e+09 0 
0 7.13786e+07 7.1465e+07 7.16526e+07 7.19543e+07 7.23811e+07 7.29424e+07 7.36456e+07 7.44938e+07 7.54819e+07 7.65877e+07 7.77581e+07 7.88924e+07 7.98374e+07 8.03841e+07 0 9.67928e+07 9.75346e+07 9.8897e+07 1.00765e+08 1.03053e+08 1.05696e+08 1.08629e+08 1.11771e+08 1.14997e+08 1.181e+08 1.2073e+08 1.22347e+08 0 2.53862e+08 2.56098e+08 2.59948e+08 2.64862e+08 2.70488e+08 2.76618e+08 2.83136e+08 2.89962e+08 2.97032e+08 3.04259e+08 3.11474e+08 3.19851e+08 3.29405e+08 3.40472e+08 3.53531e+08 3.68016e+08 3.84283e+08 4.03302e+08 4.25903e+08 4.52521e+08 4.79403e+08 5.07204e+08 5.36323e+08 5.6695e+08 5.99335e+08 6.33573e+08 6.6987e+08 7.08283e+08 7.48968e+08 7.91969e+08 8.37346e+08 8.8515e+08 9.35256e+08 9.87752e+08 1.04219e+09 1.09873e+09 1.15642e+09 1.2156e+09 1.27458e+09 1.33409e+09 1.39159e+09 1.44834e+09 1.50127e+09 1.55229e+09 1.59776e+09 1.64029e+09 1.67702e+09 1.70921e+09 1.73842e+09 1.76278e+09 1.78672e+09 1.80337e+09 1.81838e+09 1.82467e+09 0 
0 7.20017e+07 7.20962e+07 7.22931e+07 7.26017e+07 7.30318e+07 7.35904e+07 7.42812e+07 7.51019e+07 7.60384e+07 7.70576e+07 7.80988e+07 7.90665e+07 7.98338e+07 8.02634e+07 0 9.66657e+07 9.72298e+07 9.83008e+07 9.98041e+07 1.01666e+08 1.03815e+08 1.06174e+08 1.08647e+08 1.11104e+08 1.13359e+08 1.15156e+08 1.16185e+08 0 2.62442e+08 2.64072e+08 2.67065e+08 2.71111e+08 2.75959e+08 2.81434e+08 2.87421e+08 2.93854e+08 3.00696e+08 3.07953e+08 3.15724e+08 3.24465e+08 3.33837e+08 3.45518e+08 3.58632e+08 3.73024e+08 3.88662e+08 4.08352e+08 4.30348e+08 4.54655e+08 4.80264e+08 5.07469e+08 5.36249e+08 5.66791e+08 5.99177e+08 6.33626e+08 6.70212e+08 7.09138e+08 7.50476e+08 7.94374e+08 8.40914e+08 8.90118e+08 9.42099e+08 9.96619e+08 1.05385e+09 1.11311e+09 1.17468e+09 1.23716e+09 1.30106e+09 1.36401e+09 1.427e+09 1.48664e+09 1.54505e+09 1.59739e+09 1.64806e+09 1.69094e+09 1.72849e+09 1.76156e+09 1.78863e+09 1.81664e+09 1.83923e+09 1.8631e+09 1.8783e+09 1.88722e+09 0 
0 7.2734e+08 7.27438e+08 7.2764e+08 7.27953e+08 7.28383e+08 7.28936e+08 7.29613e+08 7.30407e+08 7.31297e+08 7.32246e+08 7.33193e+08 7.34049e+08 7.3471e+08 7.35072e+08 0 9.63638e+07 9.6809e+07 9.76665e+07 9.88829e+07 1.00395e+08 1.02132e+08 1.04016e+08 1.05955e+08 1.07831e+08 1.09496e+08 1.10771e+08 1.11474e+08 0 2.69685e+08 2.70975e+08 2.73428e+08 2.76867e+08 2.81126e+08 2.86072e+08 2.91619e+08 2.97716e+08 3.04352e+08 3.11565e+08 3.19475e+08 3.28296e+08 3.38192e+08 3.49727e+08 3.62465e+08 3.76839e+08 3.93066e+08 4.11937e+08 4.3279e+08 4.5582e+08 4.8068e+08 5.07297e+08 5.35757e+08 5.66089e+08 5.98489e+08 6.33026e+08 6.69924e+08 7.0927e+08 7.51277e+08 7.96057e+08 8.43752e+08 8.94513e+08 9.48307e+08 1.00534e+09 1.06522e+09 1.12824e+09 1.19336e+09 1.26102e+09 1.32915e+09 1.39843e+09 1.46546e+09 1.5319e+09 1.59256e+09 1.65239e+09 1.70362e+09 1.74901e+09 1.78868e+09 1.82363e+09 1.84582e+09 1.86972e+09 1.90016e+09 1.92652e+09 1.96645e+09 1.95605e+09 0 
0 1.38268e+09 1.38278e+09 1.38298e+09 1.38329e+09 1.3837e+09 1.38421e+09 1.38477e+09 1.38527e+09 1.38542e+09 1.3845e+09 1.38064e+09 1.36906e+09 1.33731e+09 1.30975e+09 0 9.60131e+07 9.63739e+07 9.70734e+07 9.80695e+07 9.93049e+07 1.00712e+08 1.02218e+08 1.03743e+08 1.0519e+08 1.06445e+08 1.07384e+08 1.07891e+08 0 2.75898e+08 2.7698e+08 2.79076e+08 2.82083e+08 2.85894e+08 2.90419e+08 2.95593e+08 3.01386e+08 3.078e+08 3.14887e+08 3.22743e+08 3.3153e+08 3.41417e+08 3.52652e+08 3.65266e+08 3.79496e+08 3.95548e+08 4.13724e+08 4.33911e+08 4.56164e+08 4.80344e+08 5.0648e+08 5.34554e+08 5.64711e+08 5.97001e+08 6.31641e+08 6.68719e+08 7.08483e+08 7.51061e+08 7.96688e+08 8.45546e+08 8.97778e+08 9.53634e+08 1.01302e+09 1.07626e+09 1.14277e+09 1.21294e+09 1.28533e+09 1.36035e+09 1.43504e+09 1.51012e+09 1.58072e+09 1.65022e+09 1.71126e+09 1.76836e+09 1.82017e+09 1.87794e+09 1.88269e+09 1.91616e+09 1.92792e+09 1.9599e+09 2.02433e+09 2.02429e+09 2.05402e+09 0 
0 1.73122e+09 1.73013e+09 1.72812e+09 1.72528e+09 1.72157e+09 1.71683e+09 1.71062e+09 1.70201e+09 1.68897e+09 1.6669e+09 1.62418e+09 1.5286e+09 1.28059e+09 1.20724e+09 0 9.57032e+07 9.60026e+07 9.65882e+07 9.74244e+07 9.84539e+07 9.96053e+07 1.00819e+08 1.0203e+08 1.03164e+08 1.04135e+08 1.04855e+08 1.05243e+08 0 2.81261e+08 2.82204e+08 2.84053e+08 2.86744e+08 2.9021e+08 2.9439e+08 2.99243e+08 3.04748e+08 3.10919e+08 3.17802e+08 3.25487e+08 3.34093e+08 3.4378e+08 3.54712e+08 3.67044e+08 3.80946e+08 3.96628e+08 4.14233e+08 4.33845e+08 4.55455e+08 4.79102e+08 5.0475e+08 5.32506e+08 5.62391e+08 5.94595e+08 6.29195e+08 6.66442e+08 7.0647e+08 7.49563e+08 7.95925e+08 8.45827e+08 8.99561e+08 9.57284e+08 1.01938e+09 1.0857e+09 1.1567e+09 1.2316e+09 1.31083e+09 1.39232e+09 1.47619e+09 1.55811e+09 1.63872e+09 1.71227e+09 1.78125e+09 1.85051e+09 1.91357e+09 1.94068e+09 1.99746e+09 1.9605e+09 1.98916e+09 2.02637e+09 2.09631e+09 2.11375e+09 2.12921e+09 0 
0 1.42568e+09 1.42345e+09 1.41933e+09 1.41353e+09 1.40606e+09 1.39671e+09 1.38496e+09 1.36974e+09 1.34903e+09 1.31922e+09 1.27399e+09 1.20455e+09 1.10991e+09 1.06628e+09 0 9.54987e+07 9.57507e+07 9.62597e+07 9.69959e+07 9.78942e+07 9.88527e+07 9.98416e+07 1.00817e+08 1.01725e+08 1.02503e+08 1.03087e+08 1.0341e+08 0 2.85883e+08 2.86728e+08 2.88396e+08 2.9085e+08 2.94042e+08 2.97936e+08 3.025e+08 3.07728e+08 3.1363e+08 3.20254e+08 3.27668e+08 3.35984e+08 3.4533e+08 3.55874e+08 3.67771e+08 3.81228e+08 3.96407e+08 4.13488e+08 4.32528e+08 4.53619e+08 4.76747e+08 5.02e+08 5.29375e+08 5.5903e+08 5.91017e+08 6.25569e+08 6.62809e+08 7.03034e+08 7.46451e+08 7.93403e+08 8.4421e+08 8.99206e+08 9.58841e+08 1.02332e+09 1.0932e+09 1.16833e+09 1.24928e+09 1.33511e+09 1.4261e+09 1.5193e+09 1.6134e+09 1.70253e+09 1.7885e+09 1.86221e+09 1.91568e+09 2.00326e+09 2.0334e+09 2.02445e+09 2.02752e+09 2.0172e+09 2.08789e+09 2.21168e+09 2.42354e+09 2.28106e+09 0 
0 1.18321e+09 1.18014e+09 1.17453e+09 1.16669e+09 1.15675e+09 1.14463e+09 1.12999e+09 1.11219e+09 1.0901e+09 1.0622e+09 1.02686e+09 9.84185e+08 9.41048e+08 9.18402e+08 0 9.58526e+07 9.60619e+07 9.64909e+07 9.71166e+07 9.78802e+07 9.86852e+07 9.94936e+07 1.00276e+08 1.00997e+08 1.01611e+08 1.02074e+08 1.02333e+08 0 2.89834e+08 2.90607e+08 2.9214e+08 2.94406e+08 2.97376e+08 3.01023e+08 3.05328e+08 3.10282e+08 3.159e+08 3.22212e+08 3.29286e+08 3.37202e+08 3.46096e+08 3.56112e+08 3.67452e+08 3.80311e+08 3.94918e+08 4.11413e+08 4.29935e+08 4.50507e+08 4.7321e+08 4.98032e+08 5.25088e+08 5.54407e+08 5.86185e+08 6.20518e+08 6.57688e+08 6.97885e+08 7.41471e+08 7.88763e+08 8.40196e+08 8.96256e+08 9.57397e+08 1.02429e+09 1.09725e+09 1.17705e+09 1.26362e+09 1.35775e+09 1.45859e+09 1.56588e+09 1.67448e+09 1.7771e+09 1.88348e+09 1.91121e+09 1.99127e+09 2.12374e+09 2.43576e+09 2.56312e+09 2.59538e+09 2.65095e+09 2.71794e+09 2.85619e+09 2.96748e+09 2.96297e+09 0 
0 9.92071e+08 9.8844e+08 9.81825e+08 9.72673e+08 9.61252e+08 9.4768e+08 9.31914e+08 9.13774e+08 8.92994e+08 8.69402e+08 8.43361e+08 8.16693e+08 7.93911e+08 7.8179e+08 0 9.61753e+07 9.63483e+07 9.67107e+07 9.72436e+07 9.78995e+07 9.86047e+07 9.9296e+07 9.99517e+07 1.00546e+08 1.0105e+08 1.01426e+08 1.01638e+08 0 2.9316e+08 2.93878e+08 2.95304e+08 2.97422e+08 3.00208e+08 3.03642e+08 3.07708e+08 3.12398e+08 3.17716e+08 3.23686e+08 3.3035e+08 3.37785e+08 3.46095e+08 3.55449e+08 3.66048e+08 3.78172e+08 3.92068e+08 4.07962e+08 4.25933e+08 4.46063e+08 4.68327e+08 4.92797e+08 5.19465e+08 5.48479e+08 5.79901e+08 6.13972e+08 6.50849e+08 6.90873e+08 7.34329e+08 7.81672e+08 8.33379e+08 8.90032e+08 9.52365e+08 1.02104e+09 1.09702e+09 1.18081e+09 1.27343e+09 1.37527e+09 1.48809e+09 1.61267e+09 1.74607e+09 1.85234e+09 2.04014e+09 2.3951e+09 2.53458e+09 2.69685e+09 2.85e+09 2.96292e+09 3.08351e+09 3.1722e+09 3.30288e+09 3.4183e+09 3.52066e+09 3.52213e+09 0 
0 8.42611e+08 8.38602e+08 8.31336e+08 8.21371e+08 8.09114e+08 7.94854e+08 7.78801e+08 7.61138e+08 7.42107e+08 7.22165e+08 7.02232e+08 6.83985e+08 6.69936e+08 6.62644e+08 0 9.68408e+07 9.69122e+07 9.70964e+07 9.74552e+07 9.79813e+07 9.85889e+07 9.92043e+07 9.97746e+07 1.00283e+08 1.00709e+08 1.01026e+08 1.01203e+08 0 2.95893e+08 2.96568e+08 2.97912e+08 2.99908e+08 3.02542e+08 3.05792e+08 3.09643e+08 3.1408e+08 3.191e+08 3.24704e+08 3.30918e+08 3.37782e+08 3.45394e+08 3.53895e+08 3.63549e+08 3.74697e+08 3.87758e+08 4.02967e+08 4.2044e+08 4.40135e+08 4.62059e+08 4.86152e+08 5.1249e+08 5.41094e+08 5.72146e+08 6.05761e+08 6.42231e+08 6.81789e+08 7.24852e+08 7.71834e+08 8.2333e+08 8.80049e+08 9.42832e+08 1.01278e+09 1.0909e+09 1.17842e+09 1.27599e+09 1.38481e+09 1.50774e+09 1.65376e+09 1.8483e+09 2.17823e+09 2.34903e+09 2.36468e+09 2.4778e+09 2.57025e+09 2.70588e+09 2.82301e+09 2.92908e+09 3.06818e+09 3.23089e+09 3.52136e+09 3.58232e+09 3.44276e+09 0 
0 7.26896e+08 7.22636e+08 7.14944e+08 7.04465e+08 6.91706e+08 6.77088e+08 6.60984e+08 6.43784e+08 6.25968e+08 6.08212e+08 5.91489e+08 5.77128e+08 5.66669e+08 5.61353e+08 0 9.79582e+07 9.79021e+07 9.78749e+07 9.79595e+07 9.82253e+07 9.86731e+07 9.91906e+07 9.97006e+07 1.00147e+08 1.00517e+08 1.0079e+08 1.00942e+08 0 2.98057e+08 2.98699e+08 2.99977e+08 3.01879e+08 3.04387e+08 3.07484e+08 3.11146e+08 3.15355e+08 3.20088e+08 3.2533e+08 3.31069e+08 3.37311e+08 3.44092e+08 3.51539e+08 3.59913e+08 3.69745e+08 3.81739e+08 3.96256e+08 4.13262e+08 4.32659e+08 4.54282e+08 4.78098e+08 5.04058e+08 5.32272e+08 5.62809e+08 5.95896e+08 6.31708e+08 6.70593e+08 7.12874e+08 7.59064e+08 8.09753e+08 8.65756e+08 9.28149e+08 9.98252e+08 1.07775e+09 1.16808e+09 1.26999e+09 1.38256e+09 1.50704e+09 1.64907e+09 1.81732e+09 2.01525e+09 2.16035e+09 2.25491e+09 2.35608e+09 2.46852e+09 2.57069e+09 2.681e+09 2.79435e+09 2.91187e+09 3.04715e+09 3.18259e+09 3.2459e+09 3.22286e+09 0 
0 6.38452e+08 6.34017e+08 6.26026e+08 6.15184e+08 6.02063e+08 5.87156e+08 5.7092e+08 5.53829e+08 5.36437e+08 5.19443e+08 5.03754e+08 4.9049e+08 4.80882e+08 4.75947e+08 0 9.9787e+07 9.94794e+07 9.90986e+07 9.88303e+07 9.87607e+07 9.89331e+07 9.92853e+07 9.96988e+07 1.00095e+08 1.00423e+08 1.00664e+08 1.00798e+08 0 2.99666e+08 3.00284e+08 3.01514e+08 3.03343e+08 3.05756e+08 3.0873e+08 3.12241e+08 3.16256e+08 3.20741e+08 3.25652e+08 3.30937e+08 3.36537e+08 3.42407e+08 3.48547e+08 3.55171e+08 3.62992e+08 3.73638e+08 3.87497e+08 4.04249e+08 4.23503e+08 4.45006e+08 4.68576e+08 4.94223e+08 5.2196e+08 5.51951e+08 5.8432e+08 6.19336e+08 6.57232e+08 6.98405e+08 7.43275e+08 7.92479e+08 8.46845e+08 9.07575e+08 9.76435e+08 1.05582e+09 1.14859e+09 1.25577e+09 1.37103e+09 1.4916e+09 1.62047e+09 1.76067e+09 1.90581e+09 2.03322e+09 2.13718e+09 2.24062e+09 2.34072e+09 2.44276e+09 2.54285e+09 2.64273e+09 2.74584e+09 2.8445e+09 2.93556e+09 2.98353e+09 2.99767e+09 0 
0 5.72019e+08 5.67451e+08 5.5923e+08 5.48093e+08 5.34646e+08 5.19409e+08 5.0286e+08 4.85475e+08 4.67782e+08 4.50413e+08 4.34168e+08 4.20069e+08 4.09392e+08 4.03564e+08 0 1.02824e+08 1.01986e+08 1.0095e+08 1.00105e+08 9.95859e+07 9.93978e+07 9.95208e+07 9.97914e+07 1.00105e+08 1.00393e+08 1.00609e+08 1.00728e+08 0 3.00734e+08 3.01335e+08 3.02532e+08 3.04313e+08 3.0666e+08 3.0955e+08 3.12951e+08 3.16826e+08 3.21124e+08 3.25776e+08 3.30686e+08 3.35723e+08 3.40693e+08 3.45358e+08 3.4953e+08 3.53767e+08 3.62685e+08 3.76292e+08 3.93177e+08 4.12659e+08 4.34217e+08 4.57679e+08 4.82991e+08 5.10259e+08 5.39574e+08 5.71144e+08 6.05135e+08 6.41836e+08 6.81518e+08 7.24602e+08 7.71586e+08 8.23234e+08 8.80716e+08 9.4601e+08 1.0227e+09 1.117e+09 1.23597e+09 1.35709e+09 1.47039e+09 1.58404e+09 1.70099e+09 1.81929e+09 1.92936e+09 2.03113e+09 2.12666e+09 2.22214e+09 2.31411e+09 2.40521e+09 2.49429e+09 2.57875e+09 2.65857e+09 2.72333e+09 2.76705e+09 2.7843e+09 0 
0 5.23339e+08 5.18665e+08 5.10254e+08 4.98857e+08 4.85091e+08 4.69473e+08 4.52459e+08 4.34479e+08 4.15973e+08 3.97441e+08 3.79504e+08 3.6303e+08 3.49388e+08 3.40898e+08 0 1.08038e+08 1.05947e+08 1.03658e+08 1.01872e+08 1.00706e+08 1.00088e+08 9.99064e+07 9.99945e+07 1.00192e+08 1.00413e+08 1.00596e+08 1.00703e+08 0 3.01266e+08 3.01859e+08 3.0304e+08 3.04796e+08 3.0711e+08 3.09955e+08 3.13301e+08 3.17101e+08 3.21297e+08 3.25804e+08 3.30497e+08 3.3518e+08 3.39521e+08 3.42915e+08 3.44114e+08 3.4016e+08 3.47395e+08 3.62166e+08 3.79955e+08 4.00188e+08 4.22088e+08 4.455e+08 4.70511e+08 4.97224e+08 5.25818e+08 5.56434e+08 5.89286e+08 6.24553e+08 6.62494e+08 7.03359e+08 7.47508e+08 7.95392e+08 8.47767e+08 9.06096e+08 9.74021e+08 1.06301e+09 1.21668e+09 1.35361e+09 1.45233e+09 1.54673e+09 1.64422e+09 1.74265e+09 1.83956e+09 1.93155e+09 2.02125e+09 2.10737e+09 2.192e+09 2.27324e+09 2.3507e+09 2.42344e+09 2.48716e+09 2.54003e+09 2.57496e+09 2.59243e+09 0 
0 4.88978e+08 4.84219e+08 4.75649e+08 4.64027e+08 4.49962e+08 4.33953e+08 4.16417e+08 3.97711e+08 3.78163e+08 3.58083e+08 3.37805e+08 3.17771e+08 2.9887e+08 2.83881e+08 0 1.17544e+08 1.12046e+08 1.07361e+08 1.04127e+08 1.0209e+08 1.00933e+08 1.00405e+08 1.00289e+08 1.00356e+08 1.0049e+08 1.00623e+08 1.00707e+08 0 0 0 0 0 0 0 0 0 0 0 0 0 0 0 0 3.17093e+08 3.27816e+08 3.45367e+08 3.6465e+08 3.86492e+08 4.08906e+08 4.32286e+08 4.56912e+08 4.8302e+08 5.10777e+08 5.40371e+08 5.71943e+08 6.0567e+08 6.41679e+08 6.80118e+08 7.21069e+08 7.64573e+08 8.10511e+08 8.58369e+08 9.06235e+08 9.4655e+08 0 1.39161e+09 1.44145e+09 1.51049e+09 1.58888e+09 1.67246e+09 1.75646e+09 1.84004e+09 1.92083e+09 2.00008e+09 2.0759e+09 2.14868e+09 2.21683e+09 2.27874e+09 2.33294e+09 2.3757e+09 2.40562e+09 2.42035e+09 0 
0 4.66165e+08 4.61341e+08 4.52649e+08 4.40846e+08 4.26532e+08 4.10183e+08 3.92174e+08 3.72798e+08 3.5227e+08 3.30726e+08 3.08173e+08 2.84352e+08 2.58238e+08 2.26191e+08 1.74603e+08 1.3668e+08 1.20407e+08 1.11725e+08 1.06637e+08 1.03608e+08 1.01873e+08 1.00985e+08 1.00649e+08 1.00578e+08 1.0062e+08 1.00694e+08 1.00748e+08 0 1.29035e+08 1.29361e+08 1.30093e+08 1.31331e+08 1.33196e+08 1.3584e+08 1.39452e+08 1.44264e+08 1.50565e+08 1.58717e+08 1.69171e+08 1.82491e+08 1.99385e+08 2.20738e+08 2.48085e+08 2.85696e+08 3.08578e+08 3.29961e+08 3.51493e+08 3.72589e+08 3.952e+08 4.18297e+08 4.42396e+08 4.67769e+08 4.94617e+08 5.23092e+08 5.53338e+08 5.85456e+08 6.19524e+08 6.55535e+08 6.9338e+08 7.32729e+08 7.72871e+08 8.12299e+08 8.47784e+08 8.72291e+08 0 1.38311e+09 1.41531e+09 1.46793e+09 1.533e+09 1.60438e+09 1.67905e+09 1.75351e+09 1.82749e+09 1.89878e+09 1.96773e+09 2.03253e+09 2.09272e+09 2.14668e+09 2.19268e+09 2.22923e+09 2.25422e+09 2.26703e+09 0 
0 4.52659e+08 4.47793e+08 4.39019e+08 4.27093e+08 4.12606e+08 3.96016e+08 3.77669e+08 3.57812e+08 3.36598e+08 3.14075e+08 2.90163e+08 2.64592e+08 2.36804e+08 2.05905e+08 1.71696e+08 1.43399e+08 1.25821e+08 1.15238e+08 1.08854e+08 1.05027e+08 1.02802e+08 1.01602e+08 1.01049e+08 1.00838e+08 1.00791e+08 1.00806e+08 1.00828e+08 0 1.29691e+08 1.30017e+08 1.30749e+08 1.31986e+08 1.33851e+08 1.36495e+08 1.40106e+08 1.44916e+08 1.51214e+08 1.59356e+08 1.69782e+08 1.83021e+08 1.99687e+08 2.20402e+08 2.4554e+08 2.73826e+08 2.98675e+08 3.21534e+08 3.4328e+08 3.64287e+08 3.85998e+08 4.08563e+08 4.32165e+08 4.56977e+08 4.83147e+08 5.10811e+08 5.40073e+08 5.71006e+08 6.0361e+08 6.37789e+08 6.73257e+08 7.09439e+08 7.45256e+08 7.78803e+08 8.06843e+08 8.24236e+08 0 1.34628e+09 1.37231e+09 1.41731e+09 1.47409e+09 1.53795e+09 1.60476e+09 1.67284e+09 1.73969e+09 1.80506e+09 1.8671e+09 1.92562e+09 1.979e+09 2.02644e+09 2.06651e+09 2.09787e+09 2.11948e+09 2.13043e+09 0 
0 4.46645e+08 4.41758e+08 4.32945e+08 4.20959e+08 4.06387e+08 3.89678e+08 3.71165e+08 3.51074e+08 3.29533e+08 3.06569e+08 2.82115e+08 2.56035e+08 2.28245e+08 1.99085e+08 1.70218e+08 1.4586e+08 1.28621e+08 1.17414e+08 1.10407e+08 1.06139e+08 1.03619e+08 1.02203e+08 1.01464e+08 1.0112e+08 1.00984e+08 1.00945e+08 1.0094e+08 0 1.30346e+08 1.30672e+08 1.31404e+08 1.32642e+08 1.34507e+08 1.3715e+08 1.4076e+08 1.45566e+08 1.51856e+08 1.59979e+08 1.70364e+08 1.83525e+08 2.00066e+08 2.20701e+08 2.46374e+08 2.72418e+08 2.97014e+08 3.19974e+08 3.414e+08 3.6106e+08 3.8212e+08 4.04325e+08 4.2766e+08 4.52204e+08 4.78072e+08 5.05372e+08 5.34199e+08 5.646e+08 5.9655e+08 6.299e+08 6.64295e+08 6.99051e+08 7.32963e+08 7.64039e+08 7.89211e+08 8.04228e+08 0 1.28738e+09 1.3146e+09 1.35868e+09 1.41276e+09 1.47214e+09 1.53431e+09 1.59677e+09 1.65866e+09 1.71821e+09 1.77508e+09 1.8278e+09 1.87588e+09 1.91801e+09 1.95335e+09 1.98086e+09 1.99968e+09 2.00926e+09 0 
0 0 0 0 0 0 0 0 0 0 0 0 0 0 0 0 0 0 0 0 0 0 0 0 0 0 0 0 0 0 0 0 0 0 0 0 0 0 0 0 0 0 0 0 0 0 0 0 0 0 0 0 0 0 0 0 0 0 0 0 0 0 0 0 0 0 1.20556e+09 1.24414e+09 1.29461e+09 1.35016e+09 1.4084e+09 1.46747e+09 1.52644e+09 1.58386e+09 1.63925e+09 1.69132e+09 1.73967e+09 1.78314e+09 1.82115e+09 1.85273e+09 1.8772e+09 1.89389e+09 1.90235e+09 0 
0 241895 250535 268061 294964 331999 380191 440868 515667 606589 716014 846763 1.00214e+06 1.18598e+06 1.40274e+06 1.65754e+06 1.9563e+06 2.30575e+06 2.71362e+06 3.18866e+06 3.74087e+06 4.38153e+06 5.12342e+06 5.98094e+06 6.97033e+06 8.10978e+06 9.4197e+06 1.09229e+07 1.26449e+07 1.4614e+07 1.68617e+07 1.94228e+07 2.23359e+07 2.56436e+07 2.93928e+07 3.36349e+07 3.84261e+07 4.38281e+07 4.99079e+07 5.67384e+07 6.43988e+07 7.29745e+07 8.25577e+07 9.32476e+07 1.05152e+08 1.18383e+08 1.33064e+08 1.49324e+08 1.673e+08 1.8714e+08 2.08996e+08 2.33034e+08 2.59426e+08 2.88356e+08 3.20022e+08 3.54638e+08 3.9244e+08 4.3369e+08 4.78698e+08 5.27838e+08 5.81589e+08 6.406e+08 7.05824e+08 7.78777e+08 8.6216e+08 9.61438e+08 1.08953e+09 1.16631e+09 1.22979e+09 1.28963e+09 1.34813e+09 1.40575e+09 1.46192e+09 1.51629e+09 1.56796e+09 1.6165e+09 1.66098e+09 1.70095e+09 1.73552e+09 1.76418e+09 1.78624e+09 1.80126e+09 1.80885e+09 0 
0 242541 251181 268707 295610 332645 380837 441514 516313 607235 716660 847409 1.00278e+06 1.18662e+06 1.40338e+06 1.65819e+06 1.95694e+06 2.3064e+06 2.71426e+06 3.18931e+06 3.74151e+06 4.38217e+06 5.12406e+06 5.98159e+06 6.97097e+06 8.11043e+06 9.42036e+06 1.09236e+07 1.26456e+07 1.46147e+07 1.68623e+07 1.94234e+07 2.23366e+07 2.56443e+07 2.93935e+07 3.36355e+07 3.84267e+07 4.38287e+07 4.99085e+07 5.6739e+07 6.43991e+07 7.29744e+07 8.25571e+07 9.32468e+07 1.05149e+08 1.1838e+08 1.33059e+08 1.49316e+08 1.6729e+08 1.87123e+08 2.08972e+08 2.32997e+08 2.59371e+08 2.88275e+08 3.19903e+08 3.54461e+08 3.92175e+08 4.33295e+08 4.78105e+08 5.2694e+08 5.80206e+08 6.38423e+08 7.02273e+08 7.72658e+08 8.50681e+08 9.37117e+08 1.02935e+09 1.10629e+09 1.17331e+09 1.235e+09 1.29367e+09 1.35005e+09 1.40432e+09 1.45608e+09 1.50502e+09 1.55049e+09 1.59206e+09 1.62906e+09 1.661e+09 1.68729e+09 1.70749e+09 1.72118e+09 1.7281e+09 0 
0 243188 251828 269354 296257 333292 381484 442161 516960 607882 717307 848056 1.00343e+06 1.18727e+06 1.40402e+06 1.65884e+06 1.95759e+06 2.30705e+06 2.71491e+06 3.18996e+06 3.74216e+06 4.38282e+06 5.12471e+06 5.98224e+06 6.97162e+06 8.11108e+06 9.421e+06 1.09242e+07 1.26462e+07 1.46153e+07 1.6863e+07 1.94241e+07 2.23372e+07 2.56449e+07 2.93941e+07 3.36361e+07 3.84274e+07 4.38293e+07 4.99089e+07 5.67391e+07 6.43989e+07 7.29736e+07 8.25556e+07 9.3244e+07 1.05146e+08 1.18373e+08 1.33049e+08 1.49302e+08 1.67268e+08 1.87092e+08 2.08925e+08 2.32929e+08 2.5927e+08 2.88125e+08 3.19681e+08 3.54133e+08 3.9169e+08 4.32574e+08 4.77029e+08 5.25321e+08 5.77752e+08 6.34651e+08 6.96373e+08 7.63218e+08 8.35223e+08 9.11533e+08 9.89038e+08 1.0609e+09 1.12684e+09 1.18826e+09 1.24629e+09 1.30154e+09 1.3541e+09 1.40389e+09 1.45052e+09 1.49367e+09 1.53282e+09 1.56755e+09 1.59735e+09 1.62182e+09 1.64054e+09 1.65322e+09 1.65961e+09 0 
0 243835 252475 270001 296904 333939 382131 442808 517607 608529 717954 848703 1.00408e+06 1.18792e+06 1.40468e+06 1.65948e+06 1.95824e+06 2.30769e+06 2.71556e+06 3.1906e+06 3.74281e+06 4.38346e+06 5.12536e+06 5.98288e+06 6.97227e+06 8.11172e+06 9.42166e+06 1.09249e+07 1.26469e+07 1.4616e+07 1.68636e+07 1.94247e+07 2.23379e+07 2.56456e+07 2.93948e+07 3.36368e+07 3.84279e+07 4.38297e+07 4.99092e+07 5.6739e+07 6.43982e+07 7.29723e+07 8.25533e+07 9.32405e+07 1.0514e+08 1.18365e+08 1.33037e+08 1.49283e+08 1.6724e+08 1.87051e+08 2.08865e+08 2.32839e+08 2.59137e+08 2.8793e+08 3.19393e+08 3.53709e+08 3.91062e+08 4.31647e+08 4.75654e+08 5.23281e+08 5.7471e+08 6.30101e+08 6.8954e+08 7.52954e+08 8.19913e+08 8.89322e+08 9.59038e+08 1.02618e+09 1.08973e+09 1.14979e+09 1.20671e+09 1.26072e+09 1.31186e+09 1.35998e+09 1.40484e+09 1.4461e+09 1.4834e+09 1.51632e+09 1.54449e+09 1.56753e+09 1.58513e+09 1.59701e+09 1.60299e+09 0 
0 244482 253122 270648 297551 334586 382779 443456 518255 609177 718602 849351 1.00472e+06 1.18856e+06 1.40532e+06 1.66013e+06 1.95889e+06 2.30834e+06 2.7162e+06 3.19125e+06 3.74345e+06 4.38412e+06 5.126e+06 5.98353e+06 6.97292e+06 8.11237e+06 9.4223e+06 1.09255e+07 1.26475e+07 1.46166e+07 1.68643e+07 1.94254e+07 2.23385e+07 2.56462e+07 2.93954e+07 3.36374e+07 3.84284e+07 4.38301e+07 4.99093e+07 5.67387e+07 6.43974e+07 7.29707e+07 8.25507e+07 9.32365e+07 1.05134e+08 1.18356e+08 1.33023e+08 1.49263e+08 1.6721e+08 1.87006e+08 2.08799e+08 2.32742e+08 2.58995e+08 2.87719e+08 3.19084e+08 3.53253e+08 3.90392e+08 4.30661e+08 4.74207e+08 5.21155e+08 5.71596e+08 6.25552e+08 6.82942e+08 7.43491e+08 8.0664e+08 8.71398e+08 9.36333e+08 9.99848e+08 1.06102e+09 1.11947e+09 1.17513e+09 1.22795e+09 1.27785e+09 1.32465e+09 1.36811e+09 1.40795e+09 1.44381e+09 1.47538e+09 1.5023e+09 1.52427e+09 1.54101e+09 1.5523e+09 1.55799e+09 0 
0 245129 253769 271295 298198 335233 383425 444102 518901 609823 719248 849997 1.00537e+06 1.18921e+06 1.40597e+06 1.66078e+06 1.95953e+06 2.30899e+06 2.71685e+06 3.1919e+06 3.7441e+06 4.38476e+06 5.12665e+06 5.98418e+06 6.97356e+06 8.11302e+06 9.42296e+06 1.09262e+07 1.26482e+07 1.46173e+07 1.68649e+07 1.9426e+07 2.23391e+07 2.56469e+07 2.9396e+07 3.36379e+07 3.84288e+07 4.38303e+07 4.99093e+07 5.67384e+07 6.43965e+07 7.29692e+07 8.25482e+07 9.32326e+07 1.05128e+08 1.18347e+08 1.3301e+08 1.49244e+08 1.67182e+08 1.86965e+08 2.08738e+08 2.32652e+08 2.58862e+08 2.87526e+08 3.18799e+08 3.52835e+08 3.89781e+08 4.29767e+08 4.72902e+08 5.1926e+08 5.68858e+08 6.21632e+08 6.77396e+08 7.35798e+08 7.96256e+08 8.57939e+08 9.19789e+08 9.80743e+08 1.03998e+09 1.09701e+09 1.15153e+09 1.20335e+09 1.25226e+09 1.29805e+09 1.34048e+09 1.37926e+09 1.4141e+09 1.44468e+09 1.47071e+09 1.49192e+09 1.50805e+09 1.51892e+09 1.52438e+09 0 
0 245777 254417 271943 298846 335881 384073 444750 519549 610471 719896 850645 1.00602e+06 1.18986e+06 1.40662e+06 1.66142e+06 1.96018e+06 2.30964e+06 2.7175e+06 3.19255e+06 3.74475e+06 4.38541e+06 5.1273e+06 5.98483e+06 6.97421e+06 8.11367e+06 9.42359e+06 1.09268e+07 1.26488e+07 1.46179e+07 1.68656e+07 1.94266e+07 2.23398e+07 2.56475e+07 2.93965e+07 3.36384e+07 3.84292e+07 4.38305e+07 4.99092e+07 5.6738e+07 6.43958e+07 7.2968e+07 8.25464e+07 9.32298e+07 1.05123e+08 1.18341e+08 1.33e+08 1.49229e+08 1.6716e+08 1.86933e+08 2.08691e+08 2.32583e+08 2.58762e+08 2.87378e+08 3.18582e+08 3.52518e+08 3.89317e+08 4.29092e+08 4.71924e+08 5.17849e+08 5.66842e+08 6.18784e+08 6.73441e+08 7.30425e+08 7.89176e+08 8.48962e+08 9.08937e+08 9.68245e+08 1.02617e+09 1.08217e+09 1.13586e+09 1.18695e+09 1.23517e+09 1.28028e+09 1.32202e+09 1.36011e+09 1.39428e+09 1.42422e+09 1.44968e+09 1.47039e+09 1.48613e+09 1.49673e+09 1.50206e+09 0 
0 246422 255062 272588 299491 336526 384719 445396 520195 611117 720542 851291 1.00666e+06 1.1905e+06 1.40726e+06 1.66207e+06 1.96083e+06 2.31028e+06 2.71814e+06 3.19319e+06 3.7454e+06 4.38605e+06 5.12794e+06 5.98547e+06 6.97486e+06 8.11431e+06 9.42425e+06 1.09275e+07 1.26495e+07 1.46185e+07 1.68662e+07 1.94273e+07 2.23404e+07 2.5648e+07 2.9397e+07 3.36388e+07 3.84295e+07 4.38307e+07 4.99092e+07 5.67378e+07 6.43954e+07 7.29673e+07 8.25453e+07 9.32281e+07 1.05121e+08 1.18337e+08 1.32995e+08 1.49221e+08 1.67149e+08 1.86916e+08 2.08666e+08 2.32546e+08 2.58707e+08 2.87298e+08 3.18465e+08 3.52348e+08 3.89068e+08 4.2873e+08 4.71401e+08 5.171e+08 5.65777e+08 6.17293e+08 6.7139e+08 7.27672e+08 7.85594e+08 8.44476e+08 9.03552e+08 9.62061e+08 1.01932e+09 1.07479e+09 1.12805e+09 1.17875e+09 1.22662e+09 1.27139e+09 1.31278e+09 1.35053e+09 1.38437e+09 1.414e+09 1.43917e+09 1.45964e+09 1.47519e+09 1.48565e+09 1.49091e+09 0 
0 0 0 0 0 0 0 0 0 0 0 0 0 0 0 0 0 0 0 0 0 0 0 0 0 0 0 0 0 0 0 0 0 0 0 0 0 0 0 0 0 0 0 0 0 0 0 0 0 0 0 0 0 0 0 0 0 0 0 0 0 0 0 0 0 0 0 0 0 0 0 0 0 0 0 0 0 0 0 0 0 0 0 0 
4 4 4 4 4 4 4 4 4 4 4 4 4 4 4 4 4 4 4 4 4 4 4 4 4 4 4 4 4 4 4 4 4 4 4 4 4 4 4 4 4 4 4 4 4 4 4 4 4 4 4 4 4 4 4 4 4 4 4 4 4 4 4 4 4 4 4 4 4 4 4 4 4 4 4 4 4 4 4 4 4 4 4 4 
4 4 4 4 4 4 4 4 4 4 4 4 4 4 4 4 4 4 4 4 4 4 4 4 4 4 4 4 4 4 4 4 4 4 4 4 4 4 4 4 4 4 4 4 4 4 4 4 4 4 4 4 4 4 4 4 4 4 4 4 4 4 4 4 4 4 4 4 4 4 4 4 4 4 4 4 4 4 4 4 4 4 4 4 
4 4 4 4 4 4 4 4 4 4 4 4 4 4 4 4 4 4 4 4 4 4 4 4 4 4 4 4 4 4 4 4 4 4 4 4 4 4 4 4 4 4 4 4 4 4 4 4 4 4 4 4 4 4 4 4 4 4 4 4 4 4 4 4 4 4 4 4 4 4 4 4 4 4 4 4 4 4 4 4 4 4 4 4 
4 4 4 4 4 4 4 4 4 4 4 4 4 4 4 4 4 4 4 4 4 4 4 4 4 4 4 4 4 4 4 4 4 4 4 4 4 4 4 4 4 4 4 4 4 4 4 4 4 4 4 4 4 4 4 4 4 4 4 4 4 4 4 4 4 4 4 4 4 4 4 4 4 4 4 4 4 4 4 4 4 4 4 4 
4 4 4 4 4 4 4 4 4 4 4 4 4 4 4 4 4 4 4 4 4 4 4 4 4 4 4 4 4 4 4 4 4 4 4 4 4 4 4 4 4 4 4 4 4 4 4 4 4 4 4 4 4 4 4 4 4 4 4 4 4 4 4 4 4 4 4 4 4 4 4 4 4 4 4 4 4 4 4 4 4 4 4 4 
4 4 4 4 4 4 4 4 4 4 4 4 4 4 4 4 4 4 4 4 4 4 4 4 4 4 4 4 4 4 4 4 4 4 4 4 4 4 4 4 4 4 4 4 4 4 4 4 4 4 4 4 4 4 4 4 4 4 4 4 4 4 4 4 4 4 4 4 4 4 4 4 4 4 4 4 4 4 4 4 4 4 4 4 
4 4 4 4 4 4 4 4 4 4 4 4 4 4 4 4 4 4 4 4 4 4 4 4 4 4 4 4 4 4 4 4 4 4 4 4 4 4 4 4 4 4 4 4 4 4 4 4 4 4 4 4 4 4 4 4 4 4 4 4 4 4 4 4 4 4 4 4 4 4 4 4 4 4 4 4 4 4 4 4 4 4 4 4 
4 4 4 4 4 4 4 4 4 4 4 4 4 4 4 4 4 4 4 4 4 4 4 4 4 4 4 4 4 4 4 4 4 4 4 4 4 4 4 4 4 4 4 4 4 4 4 4 4 4 4 4 4 4 4 4 4 4 4 4 4 4 4 4 4 4 4 4 4 4 4 4 4 4 4 4 4 4 4 4 4 4 4 4 
4 4 4 4 4 4 4 4 4 4 4 4 4 4 4 4 4 4 4 4 4 4 4 4 4 4 4 4 4 4 4 4 4 4 4 4 4 4 4 4 4 4 4 4 4 4 4 4 4 4 4 4 4 4 4 4 4 4 4 4 4 4 4 4 4 4 4 4 4 4 4 4 4 4 4 4 4 4 4 4 4 4 4 4 
4 4 4 4 4 4 4 4 4 4 4 4 4 4 4 4 4 4 4 4 4 4 4 4 4 4 4 4 4 4 4 4 4 4 4 4 4 4 4 4 4 4 4 4 4 4 4 4 4 4 4 4 4 4 4 4 4 4 4 4 4 4 4 4 4 4 4 4 4 4 4 4 4 4 4 4 4 4 4 4 4 4 4 4 
4 4 4 4 4 4 4 4 4 4 4 4 4 4 4 4 4 4 4 4 4 4 4 4 4 4 4 4 4 4 4 4 4 4 4 4 4 4 4 4 4 4 4 4 4 4 4 4 4 4 4 4 4 4 4 4 4 4 4 4 4 4 4 4 4 4 4 4 4 4 4 4 4 4 4 4 4 4 4 4 4 4 4 4 
4 4 4 4 4 4 4 4 4 4 4 4 4 4 4 4 4 4 4 4 4 4 4 4 4 4 4 4 4 4 4 4 4 4 4 4 4 4 4 4 4 4 4 4 4 4 4 4 4 4 4 4 4 4 4 4 4 4 4 4 4 4 4 4 4 4 4 4 4 4 4 4 4 4 4 4 4 4 4 4 4 4 4 4 
4 4 4 4 4 4 4 4 4 4 4 4 4 4 4 4 4 4 4 4 4 4 4 4 4 4 4 4 4 4 4 4 4 4 4 4 4 4 4 4 4 4 4 4 4 4 4 4 4 4 4 4 4 4 4 4 4 4 4 4 4 4 4 4 4 4 4 4 4 4 4 4 4 4 4 4 4 4 4 4 4 4 4 4 
4 4 4 4 4 4 4 4 4 4 4 4 4 4 4 4 4 4 4 4 4 4 4 4 4 4 4 4 4 4 4 4 4 4 4 4 4 4 4 4 4 4 4 4 4 4 4 4 4 4 4 4 4 4 4 4 4 4 4 4 4 4 4 4 4 4 4 4 4 4 4 4 4 4 4 4 4 4 4 4 4 4 4 4 
4 4 4 4 4 4 4 4 4 4 4 4 4 4 4 4 4 4 4 4 4 4 4 4 4 4 4 4 4 4 4 4 4 4 4 4 4 4 4 4 4 4 4 4 4 4 4 4 4 4 4 4 4 4 4 4 4 4 4 4 4 4 4 4 4 4 4 4 4 4 4 4 4 4 4 4 4 4 4 4 4 4 4 4 
4 4 4 4 4 4 4 4 4 4 4 4 4 4 4 4 4 4 4 4 4 4 4 4 4 4 4 4 4 4 4 4 4 4 4 4 4 4 4 4 4 4 4 4 4 4 4 4 4 4 4 4 4 4 4 4 4 4 4 4 4 4 4 4 4 4 4 4 4 4 4 4 4 4 4 4 4 4 4 4 4 4 4 4 
4 4 4 4 4 4 4 4 4 4 4 4 4 4 4 4 4 4 4 4 4 4 4 4 4 4 4 4 4 4 4 4 4 4 4 4 4 4 4 4 4 4 4 4 4 4 4 4 4 4 4 4 4 4 4 4 4 4 4 4 4 4 4 4 4 4 4 4 4 4 4 4 4 4 4 4 4 4 4 4 4 4 4 4 
4 4 4 4 4 4 4 4 4 4 4 4 4 4 4 4 4 4 4 4 4 4 4 4 4 4 4 4 4 4 4 4 4 4 4 4 4 4 4 4 4 4 4 4 4 4 4 4 4 4 4 4 4 4 4 4 4 4 4 4 4 4 4 4 4 4 4 4 4 4 4 4 4 4 4 4 4 4 4 4 4 4 4 4 
4 4 4 4 4 4 4 4 4 4 4 4 4 4 4 4 4 4 4 4 4 4 4 4 4 4 4 4 4 4 4 4 4 4 4 4 4 4 4 4 4 4 4 4 4 4 4 4 4 4 4 4 4 4 4 4 4 4 4 4 4 4 4 4 4 4 4 4 4 4 4 4 4 4 4 4 4 4 4 4 4 4 4 4 
4 4 4 4 4 4 4 4 4 4 4 4 4 4 4 4 4 4 4 4 4 4 4 4 4 4 4 4 4 4 4 4 4 4 4 4 4 4 4 4 4 4 4 4 4 4 4 4 4 4 4 4 4 4 4 4 4 4 4 4 4 4 4 4 4 4 4 4 4 4 4 4 4 4 4 4 4 4 4 4 4 4 4 4 
4 4 4 4 4 4 4 4 4 4 4 4 4 4 4 4 4 4 4 4 4 4 4 4 4 4 4 4 4 4 4 4 4 4 4 4 4 4 4 4 4 4 4 4 4 4 4 4 4 4 4 4 4 4 4 4 4 4 4 4 4 4 4 4 4 4 4 4 4 4 4 4 4 4 4 4 4 4 4 4 4 4 4 4 
4 4 4 4 4 4 4 4 4 4 4 4 4 4 4 4 4 4 4 4 4 4 4 4 4 4 4 4 4 4 4 4 4 4 4 4 4 4 4 4 4 4 4 4 4 4 4 4 4 4 4 4 4 4 4 4 4 4 4 4 4 4 4 4 4 4 4 4 4 4 4 4 4 4 4 4 4 4 4 4 4 4 4 4 
4 4 4 4 4 4 4 4 4 4 4 4 4 4 4 4 4 4 4 4 4 4 4 4 4 4 4 4 4 4 4 4 4 4 4 4 4 4 4 4 4 4 4 4 4 4 4 4 4 4 4 4 4 4 4 4 4 4 4 4 4 4 4 4 4 4 4 4 4 4 4 4 4 4 4 4 4 4 4 4 4 4 4 4 
4 4 4 4 4 4 4 4 4 4 4 4 4 4 4 4 4 4 4 4 4 4 4 4 4 4 4 4 4 4 4 4 4 4 4 4 4 4 4 4 4 4 4 4 4 4 4 4 4 4 4 4 4 4 4 4 4 4 4 4 4 4 4 4 4 4 4 4 4 4 4 4 4 4 4 4 4 4 4 4 4 4 4 4 
4 4 4 4 4 4 4 4 4 4 4 4 4 4 4 4 4 4 4 4 4 4 4 4 4 4 4 4 4 4 4 4 4 4 4 4 4 4 4 4 4 4 4 4 4 4 4 4 4 4 4 4 4 4 4 4 4 4 4 4 4 4 4 4 4 4 4 4 4 4 4 4 4 4 4 4 4 4 4 4 4 4 4 4 
4 4 4 4 4 4 4 4 4 4 4 4 4 4 4 4 4 4 4 4 4 4 4 4 4 4 4 4 4 4 4 4 4 4 4 4 4 4 4 4 4 4 4 4 4 4 4 4 4 4 4 4 4 4 4 4 4 4 4 4 4 4 4 4 4 4 4 4 4 4 4 4 4 4 4 4 4 4 4 4 4 4 4 4 
4 4 4 4 4 4 4 4 4 4 4 4 4 4 4 4 4 4 4 4 4 4 4 4 4 4 4 4 4 4 4 4 4 4 4 4 4 4 4 4 4 4 4 4 4 4 4 4 4 4 4 4 4 4 4 4 4 4 4 4 4 4 4 4 4 4 4 4 4 4 4 4 4 4 4 4 4 4 4 4 4 4 4 4 
4 4 4 4 4 4 4 4 4 4 4 4 4 4 4 4 4 4 4 4 4 4 4 4 4 4 4 4 4 4 4 4 4 4 4 4 4 4 4 4 4 4 4 4 4 4 4 4 4 4 4 4 4 4 4 4 4 4 4 4 4 4 4 4 4 4 4 4 4 4 4 4 4 4 4 4 4 4 4 4 4 4 4 4 
4 4 4 4 4 4 4 4 4 4 4 4 4 4 4 4 4 4 4 4 4 4 4 4 4 4 4 4 4 4 4 4 4 4 4 4 4 4 4 4 4 4 4 4 4 4 4 4 4 4 4 4 4 4 4 4 4 4 4 4 4 4 4 4 4 4 4 4 4 4 4 4 4 4 4 4 4 4 4 4 4 4 4 4 
4 4 4 4 4 4 4 4 4 4 4 4 4 4 4 4 4 4 4 4 4 4 4 4 4 4 4 4 4 4 4 4 4 4 4 4 4 4 4 4 4 4 4 4 4 4 4 4 4 4 4 4 4 4 4 4 4 4 4 4 4 4 4 4 4 4 4 4 4 4 4 4 4 4 4 4 4 4 4 4 4 4 4 4 
4 4 4 4 4 4 4 4 4 4 4 4 4 4 4 4 4 4 4 4 4 4 4 4 4 4 4 4 4 4 4 4 4 4 4 4 4 4 4 4 4 4 4 4 4 4 4 4 4 4 4 4 4 4 4 4 4 4 4 4 4 4 4 4 4 4 4 4 4 4 4 4 4 4 4 4 4 4 4 4 4 4 4 4 
4 4 4 4 4 4 4 4 4 4 4 4 4 4 4 4 4 4 4 4 4 4 4 4 4 4 4 4 4 4 4 4 4 4 4 4 4 4 4 4 4 4 4 4 4 4 4 4 4 4 4 4 4 4 4 4 4 4 4 4 4 4 4 4 4 4 4 4 4 4 4 4 4 4 4 4 4 4 4 4 4 4 4 4 
4 4 4 4 4 4 4 4 4 4 4 4 4 4 4 4 4 4 4 4 4 4 4 4 4 4 4 4 4 4 4 4 4 4 4 4 4 4 4 4 4 4 4 4 4 4 4 4 4 4 4 4 4 4 4 4 4 4 4 4 4 4 4 4 4 4 4 4 4 4 4 4 4 4 4 4 4 4 4 4 4 4 4 4 
4 4 4 4 4 4 4 4 4 4 4 4 4 4 4 4 4 4 4 4 4 4 4 4 4 4 4 4 4 4 4 4 4 4 4 4 4 4 4 4 4 4 4 4 4 4 4 4 4 4 4 4 4 4 4 4 4 4 4 4 4 4 4 4 4 4 4 4 4 4 4 4 4 4 4 4 4 4 4 4 4 4 4 4 
4 4 4 4 4 4 4 4 4 4 4 4 4 4 4 4 4 4 4 4 4 4 4 4 4 4 4 4 4 4 4 4 4 4 4 4 4 4 4 4 4 4 4 4 4 4 4 4 4 4 4 4 4 4 4 4 4 4 4 4 4 4 4 4 4 4 4 4 4 4 4 4 4 4 4 4 4 4 4 4 4 4 4 4 
4 4 4 4 4 4 4 4 4 4 4 4 4 4 4 4 4 4 4 4 4 4 4 4 4 4 4 4 4 4 4 4 4 4 4 4 4 4 4 4 4 4 4 4 4 4 4 4 4 4 4 4 4 4 4 4 4 4 4 4 4 4 4 4 4 4 4 4 4 4 4 4 4 4 4 4 4 4 4 4 4 4 4 4 
0 0 0 0 0 0 0 0 0 0 0 0 0 0 0 0 0 0 0 0 0 0 0 0 0 0 0 0 0 0 0 0 0 0 0 0 0 0 0 0 0 0 0 0 0 0 0 0 0 0 0 0 0 0 0 0 0 0 0 0 0 0 0 0 0 0 0 0 0 0 0 0 0 0 0 0 0 0 0 0 0 0 0 0 
0 4 4 4 4 4 4 4 4 4 4 4 4 4 4 4 4 4 4 4 4 4 4 4 4 4 4 4 4 4 4 4 4 4 4 4 4 4 4 4 4 4 4 4 4 4 4 4 4 4 4 4 4 4 4 4 4 4 4 4 4 4 4 4 4 4 4 4 4 4 4 4 4 4 4 4 4 4 4 4 4 4 4 0 
0 4 4 4 4 4 4 4 4 4 4 4 4 4 4 4 4 4 4 4 4 4 4 4 4 4 4 4 4 4 4 4 4 4 4 4 4 4 4 4 4 4 4 4 4 4 4 4 4 4 4 4 4 4 4 4 4 4 4 4 4 4 4 4 4 4 4 4 4 4 4 4 4 4 4 4 4 4 4 4 4 4 4 0 
0 4 4 4 4 4 4 4 4 4 4 4 4 4 4 4 4 4 4 4 4 4 4 4 4 4 4 4 4 4 4 4 4 4 4 4 4 4 4 4 4 4 4 4 4 4 4 4 4 4 4 4 4 4 4 4 4 4 4 4 4 4 4 4 4 4 4 4 4 4 4 4 4 4 4 4 4 4 4 4 4 4 4 0 
0 4 4 4 4 4 4 4 4 4 4 4 4 4 4 4 4 4 4 4 4 4 4 4 4 4 4 4 4 4 4 4 4 4 4 4 4 4 4 4 4 4 4 4 4 4 4 4 4 4 4 4 4 4 4 4 4 4 4 4 4 4 4 4 4 4 4 4 4 4 4 4 4 4 4 4 4 4 4 4 4 4 4 0 
0 4 4 4 4 4 4 4 4 4 4 4 4 4 4 4 4 4 4 4 4 4 4 4 4 4 4 4 4 4 4 4 4 4 4 4 4 4 4 4 4 4 4 4 4 4 4 4 4 4 4 4 4 4 4 4 4 4 4 4 4 4 4 4 4 4 4 4 4 4 4 4 4 4 4 4 4 4 4 4 4 4 4 0 
0 4 4 4 4 4 4 4 4 4 4 4 4 4 4 4 4 4 4 4 4 4 4 4 4 4 4 4 4 4 4 4 4 4 4 4 4 4 4 4 4 4 4 4 4 4 4 4 4 4 4 4 4 4 4 4 4 4 4 4 4 4 4 4 4 4 4 4 4 4 4 4 4 4 4 4 4 4 4 4 4 4 4 0 
0 4 4 4 4 4 4 4 4 4 4 4 4 4 4 0 4 4 4 4 4 4 4 4 4 4 4 4 0 4 4 4 4 4 4 4 4 4 4 4 4 4 4 4 4 4 4 4 4 4 4 4 4 4 4 4 4 4 4 4 4 4 4 4 4 4 4 4 4 4 4 4 4 4 4 4 4 4 4 4 4 4 4 0 
0 4 4 4 4 4 4 4 4 4 4 4 4 4 4 0 4 4 4 4 4 4 4 4 4 4 4 4 0 4 4 4 4 4 4 4 4 4 4 4 4 4 4 4 4 4 4 4 4 4 4 4 4 4 4 4 4 4 4 4 4 4 4 4 4 4 4 4 4 4 4 4 4 4 4 4 4 4 4 4 4 4 4 0 
0 4 4 4 4 4 4 4 4 4 4 4 4 4 4 0 4 4 4 4 4 4 4 4 4 4 4 4 0 4 4 4 4 4 4 4 4 4 4 4 4 4 4 4 4 4 4 4 4 4 4 4 4 4 4 4 4 4 4 4 4 4 4 4 4 4 4 4 4 4 4 4 4 4 4 4 4 4 4 4 4 4 4 0 
0 4 4 4 4 4 4 4 4 4 4 4 4 4 4 0 4 4 4 4 4 4 4 4 4 4 4 4 0 4 4 4 4 4 4 4 4 4 4 4 4 4 4 4 4 4 4 4 4 4 4 4 4 4 4 4 4 4 4 4 4 4 4 4 4 4 4 4 4 4 4 4 4 4 4 4 4 4 4 4 4 4 4 0 
0 4 4 4 4 4 4 4 4 4 4 4 4 4 4 0 4 4 4 4 4 4 4 4 4 4 4 4 0 4 4 4 4 4 4 4 4 4 4 4 4 4 4 4 4 4 4 4 4 4 4 4 4 4 4 4 4 4 4 4 4 4 4 4 4 4 4 4 4 4 4 4 4 4 4 4 4 4 4 4 4 4 4 0 
0 4 4 4 4 4 4 4 4 4 4 4 4 4 4 0 4 4 4 4 4 4 4 4 4 4 4 4 0 4 4 4 4 4 4 4 4 4 4 4 4 4 4 4 4 4 4 4 4 4 4 4 4 4 4 4 4 4 4 4 4 4 4 4 4 4 4 4 4 4 4 4 4 4 4 4 4 4 4 4 4 4 4 0 
0 4 4 4 4 4 4 4 4 4 4 4 4 4 4 0 4 4 4 4 4 4 4 4 4 4 4 4 0 4 4 4 4 4 4 4 4 4 4 4 4 4 4 4 4 4 4 4 4 4 4 4 4 4 4 4 4 4 4 4 4 4 4 4 4 4 4 4 4 4 4 4 4 4 4 4 4 4 4 4 4 4 4 0 
0 4 4 4 4 4 4 4 4 4 4 4 4 4 4 0 4 4 4 4 4 4 4 4 4 4 4 4 0 4 4 4 4 4 4 4 4 4 4 4 4 4 4 4 4 4 4 4 4 4 4 4 4 4 4 4 4 4 4 4 4 4 4 4 4 4 4 4 4 4 4 4 4 4 4 4 4 4 4 4 4 4 4 0 
0 4 4 4 4 4 4 4 4 4 4 4 4 4 4 0 4 4 4 4 4 4 4 4 4 4 4 4 0 4 4 4 4 4 4 4 4 4 4 4 4 4 4 4 4 4 4 4 4 4 4 4 4 4 4 4 4 4 4 4 4 4 4 4 4 4 4 4 4 4 4 4 4 4 4 4 4 4 4 4 4 4 4 0 
0 4 4 4 4 4 4 4 4 4 4 4 4 4 4 0 4 4 4 4 4 4 4 4 4 4 4 4 0 4 4 4 4 4 4 4 4 4 4 4 4 4 4 4 4 4 4 4 4 4 4 4 4 4 4 4 4 4 4 4 4 4 4 4 4 4 4 4 4 4 4 4 4 4 4 4 4 4 4 4 4 4 4 0 
0 4 4 4 4 4 4 4 4 4 4 4 4 4 4 0 4 4 4 4 4 4 4 4 4 4 4 4 0 4 4 4 4 4 4 4 4 4 4 4 4 4 4 4 4 4 4 4 4 4 4 4 4 4 4 4 4 4 4 4 4 4 4 4 4 4 4 4 4 4 4 4 4 4 4 4 4 4 4 4 4 4 4 0 
0 4 4 4 4 4 4 4 4 4 4 4 4 4 4 0 4 4 4 4 4 4 4 4 4 4 4 4 0 4 4 4 4 4 4 4 4 4 4 4 4 4 4 4 4 4 4 4 4 4 4 4 4 4 4 4 4 4 4 4 4 4 4 4 4 4 4 4 4 4 4 4 4 4 4 4 4 4 4 4 4 4 4 0 
0 4 4 4 4 4 4 4 4 4 4 4 4 4 4 0 4 4 4 4 4 4 4 4 4 4 4 4 0 4 4 4 4 4 4 4 4 4 4 4 4 4 4 4 4 4 4 4 4 4 4 4 4 4 4 4 4 4 4 4 4 4 4 4 4 4 4 4 4 4 4 4 4 4 4 4 4 4 4 4 4 4 4 0 
0 4 4 4 4 4 4 4 4 4 4 4 4 4 4 0 4 4 4 4 4 4 4 4 4 4 4 4 0 4 4 4 4 4 4 4 4 4 4 4 4 4 4 4 4 4 4 4 4 4 4 4 4 4 4 4 4 4 4 4 4 4 4 4 4 4 4 4 4 4 4 4 4 4 4 4 4 4 4 4 4 4 4 0 
0 4 4 4 4 4 4 4 4 4 4 4 4 4 4 0 4 4 4 4 4 4 4 4 4 4 4 4 0 4 4 4 4 4 4 4 4 4 4 4 4 4 4 4 4 4 4 4 4 4 4 4 4 4 4 4 4 4 4 4 4 4 4 4 4 4 4 4 4 4 4 4 4 4 4 4 4 4 4 4 4 4 4 0 
0 4 4 4 4 4 4 4 4 4 4 4 4 4 4 0 4 4 4 4 4 4 4 4 4 4 4 4 0 0 0 0 0 0 0 0 0 0 0 0 0 0 0 0 4 4 4 4 4 4 4 4 4 4 4 4 4 4 4 4 4 4 4 4 4 0 4 4 4 4 4 4 4 4 4 4 4 4 4 4 4 4 4 0 
0 4 4 4 4 4 4 4 4 4 4 4 4 4 4 4 4 4 4 4 4 4 4 4 4 4 4 4 0 4 4 4 4 4 4 4 4 4 4 4 4 4 4 4 4 4 4 4 4 4 4 4 4 4 4 4 4 4 4 4 4 4 4 4 4 0 4 4 4 4 4 4 4 4 4 4 4 4 4 4 4 4 4 0 
0 4 4 4 4 4 4 4 4 4 4 4 4 4 4 4 4 4 4 4 4 4 4 4 4 4 4 4 0 4 4 4 4 4 4 4 4 4 4 4 4 4 4 4 4 4 4 4 4 4 4 4 4 4 4 4 4 4 4 4 4 4 4 4 4 0 4 4 4 4 4 4 4 4 4 4 4 4 4 4 4 4 4 0 
0 4 4 4 4 4 4 4 4 4 4 4 4 4 4 4 4 4 4 4 4 4 4 4 4 4 4 4 0 4 4 4 4 4 4 4 4 4 4 4 4 4 4 4 4 4 4 4 4 4 4 4 4 4 4 4 4 4 4 4 4 4 4 4 4 0 4 4 4 4 4 4 4 4 4 4 4 4 4 4 4 4 4 0 
0 0 0 0 0 0 0 0 0 0 0 0 0 0 0 0 0 0 0 0 0 0 0 0 0 0 0 0 0 0 0 0 0 0 0 0 0 0 0 0 0 0 0 0 0 0 0 0 0 0 0 0 0 0 0 0 0 0 0 0 0 0 0 0 0 0 4 4 4 4 4 4 4 4 4 4 4 4 4 4 4 4 4 0 
0 4 4 4 4 4 4 4 4 4 4 4 4 4 4 4 4 4 4 4 4 4 4 4 4 4 4 4 4 4 4 4 4 4 4 4 4 4 4 4 4 4 4 4 4 4 4 4 4 4 4 4 4 4 4 4 4 4 4 4 4 4 4 4 4 4 4 4 4 4 4 4 4 4 4 4 4 4 4 4 4 4 4 0 
0 4 4 4 4 4 4 4 4 4 4 4 4 4 4 4 4 4 4 4 4 4 4 4 4 4 4 4 4 4 4 4 4 4 4 4 4 4 4 4 4 4 4 4 4 4 4 4 4 4 4 4 4 4 4 4 4 4 4 4 4 4 4 4 4 4 4 4 4 4 4 4 4 4 4 4 4 4 4 4 4 4 4 0 
0 4 4 4 4 4 4 4 4 4 4 4 4 4 4 4 4 4 4 4 4 4 4 4 4 4 4 4 4 4 4 4 4 4 4 4 4 4 4 4 4 4 4 4 4 4 4 4 4 4 4 4 4 4 4 4 4 4 4 4 4 4 4 4 4 4 4 4 4 4 4 4 4 4 4 4 4 4 4 4 4 4 4 0 
0 4 4 4 4 4 4 4 4 4 4 4 4 4 4 4 4 4 4 4 4 4 4 4 4 4 4 4 4 4 4 4 4 4 4 4 4 4 4 4 4 4 4 4 4 4 4 4 4 4 4 4 4 4 4 4 4 4 4 4 4 4 4 4 4 4 4 4 4 4 4 4 4 4 4 4 4 4 4 4 4 4 4 0 
0 4 4 4 4 4 4 4 4 4 4 4 4 4 4 4 4 4 4 4 4 4 4 4 4 4 4 4 4 4 4 4 4 4 4 4 4 4 4 4 4 4 4 4 4 4 4 4 4 4 4 4 4 4 4 4 4 4 4 4 4 4 4 4 4 4 4 4 4 4 4 4 4 4 4 4 4 4 4 4 4 4 4 0 
0 4 4 4 4 4 4 4 4 4 4 4 4 4 4 4 4 4 4 4 4 4 4 4 4 4 4 4 4 4 4 4 4 4 4 4 4 4 4 4 4 4 4 4 4 4 4 4 4 4 4 4 4 4 4 4 4 4 4 4 4 4 4 4 4 4 4 4 4 4 4 4 4 4 4 4 4 4 4 4 4 4 4 0 
0 4 4 4 4 4 4 4 4 4 4 4 4 4 4 4 4 4 4 4 4 4 4 4 4 4 4 4 4 4 4 4 4 4 4 4 4 4 4 4 4 4 4 4 4 4 4 4 4 4 4 4 4 4 4 4 4 4 4 4 4 4 4 4 4 4 4 4 4 4 4 4 4 4 4 4 4 4 4 4 4 4 4 0 
0 4 4 4 4 4 4 4 4 4 4 4 4 4 4 4 4 4 4 4 4 4 4 4 4 4 4 4 4 4 4 4 4 4 4 4 4 4 4 4 4 4 4 4 4 4 4 4 4 4 4 4 4 4 4 4 4 4 4 4 4 4 4 4 4 4 4 4 4 4 4 4 4 4 4 4 4 4 4 4 4 4 4 0 
0 0 0 0 0 0 0 0 0 0 0 0 0 0 0 0 0 0 0 0 0 0 0 0 0 0 0 0 0 0 0 0 0 0 0 0 0 0 0 0 0 0 0 0 0 0 0 0 0 0 0 0 0 0 0 0 0 0 0 0 0 0 0 0 0 0 0 0 0 0 0 0 0 0 0 0 0 0 0 0 0 0 0 0 
0 0 0 0  0 0 0 0  0 0 0 0  0 0 0 0  0 0 0 0  0 0 0 0  0 0 0 0  0 0 0 0  0 0 0 0  0 0 0 0  0 0 0 0  0 0 0 0  0 0 0 0  0 0 0 0  0 0 0 0  0 0 0 0  0 0 0 0  0 0 0 0  0 0 0 0  0 0 0 0  0 0 0 0  0 0 0 0  0 0 0 0  0 0 0 0  0 0 0 0  0 0 0 0  0 0 0 0  0 0 0 0  0 0 0 0  0 0 0 0  0 0 0 0  0 0 0 0  0 0 0 0  0 0 0 0  0 0 0 0  0 0 0 0  0 0 0 0  0 0 0 0  0 0 0 0  0 0 0 0  0 0 0 0  0 0 0 0  0 0 0 0  0 0 0 0  0 0 0 0  0 0 0 0  0 0 0 0  0 0 0 0  0 0 0 0  0 0 0 0  0 0 0 0  0 0 0 0  0 0 0 0  0 0 0 0  0 0 0 0  0 0 0 0  0 0 0 0  0 0 0 0  0 0 0 0  0 0 0 0  0 0 0 0  0 0 0 0  0 0 0 0  0 0 0 0  0 0 0 0  0 0 0 0  0 0 0 0  0 0 0 0  0 0 0 0  0 0 0 0  0 0 0 0  0 0 0 0  0 0 0 0  0 0 0 0  0 0 0 0  0 0 0 0  0 0 0 0  0 0 0 0  0 0 0 0  0 0 0 0  0 0 0 0  0 0 0 0  0 0 0 0  0 0 0 0  
0 0 0 0  0 0 0 0  0 0 0 0  0 0 0 0  0 0 0 0  0 0 0 0  0 0 0 0  0 0 0 0  0 0 0 0  0 0 0 0  0 0 0 0  0 0 0 0  0 0 0 0  0 0 0 0  0 0 0 0  0 0 0 0  0 0 0 0  0 0 0 0  0 0 0 0  0 0 0 0  0 0 0 0  0 0 0 0  0 0 0 0  0 0 0 0  0 0 0 0  0 0 0 0  0 0 0 0  0 0 0 0  0 0 0 0  0 0 0 0  0 0 0 0  0 0 0 0  0 0 0 0  0 0 0 0  0 0 0 0  0 0 0 0  0 0 0 0  0 0 0 0  0 0 0 0  0 0 0 0  0 0 0 0  0 0 0 0  0 0 0 0  0 0 0 0  0 0 0 0  0 0 0 0  0 0 0 0  0 0 0 0  0 0 0 0  0 0 0 0  0 0 0 0  0 0 0 0  0 0 0 0  0 0 0 0  0 0 0 0  0 0 0 0  0 0 0 0  0 0 0 0  0 0 0 0  0 0 0 0  0 0 0 0  0 0 0 0  0 0 0 0  0 0 0 0  0 0 0 0  0 0 0 0  0 0 0 0  0 0 0 0  0 0 0 0  0 0 0 0  0 0 0 0  0 0 0 0  0 0 0 0  0 0 0 0  0 0 0 0  0 0 0 0  0 0 0 0  0 0 0 0  0 0 0 0  0 0 0 0  0 0 0 0  0 0 0 0  0 0 0 0  0 0 0 0  
0 0 0 0  0 0 0 0  0 0 0 0  0 0 0 0  0 0 0 0  0 0 0 0  0 0 0 0  0 0 0 0  0 0 0 0  0 0 0 0  0 0 0 0  0 0 0 0  0 0 0 0  0 0 0 0  0 0 0 0  0 0 0 0  0 0 0 0  0 0 0 0  0 0 0 0  0 0 0 0  0 0 0 0  0 0 0 0  0 0 0 0  0 0 0 0  0 0 0 0  0 0 0 0  0 0 0 0  0 0 0 0  0 0 0 0  0 0 0 0  0 0 0 0  0 0 0 0  0 0 0 0  0 0 0 0  0 0 0 0  0 0 0 0  0 0 0 0  0 0 0 0  0 0 0 0  0 0 0 0  0 0 0 0  0 0 0 0  0 0 0 0  0 0 0 0  0 0 0 0  0 0 0 0  0 0 0 0  0 0 0 0  0 0 0 0  0 0 0 0  0 0 0 0  0 0 0 0  0 0 0 0  0 0 0 0  0 0 0 0  0 0 0 0  0 0 0 0  0 0 0 0  0 0 0 0  0 0 0 0  0 0 0 0  0 0 0 0  0 0 0 0  0 0 0 0  0 0 0 0  0 0 0 0  0 0 0 0  0 0 0 0  0 0 0 0  0 0 0 0  0 0 0 0  0 0 0 0  0 0 0 0  0 0 0 0  0 0 0 0  0 0 0 0  0 0 0 0  0 0 0 0  0 0 0 0  0 0 0 0  0 0 0 0  0 0 0 0  0 0 0 0  0 0 0 0  
0 0 0 0  0 0 0 0  0 0 0 0  0 0 0 0  0 0 0 0  0 0 0 0  0 0 0 0  0 0 0 0  0 0 0 0  0 0 0 0  0 0 0 0  0 0 0 0  0 0 0 0  0 0 0 0  0 0 0 0  0 0 0 0  0 0 0 0  0 0 0 0  0 0 0 0  0 0 0 0  0 0 0 0  0 0 0 0  0 0 0 0  0 0 0 0  0 0 0 0  0 0 0 0  0 0 0 0  0 0 0 0  0 0 0 0  0 0 0 0  0 0 0 0  0 0 0 0  0 0 0 0  0 0 0 0  0 0 0 0  0 0 0 0  0 0 0 0  0 0 0 0  0 0 0 0  0 0 0 0  0 0 0 0  0 0 0 0  0 0 0 0  0 0 0 0  0 0 0 0  0 0 0 0  0 0 0 0  0 0 0 0  0 0 0 0  0 0 0 0  0 0 0 0  0 0 0 0  0 0 0 0  0 0 0 0  0 0 0 0  0 0 0 0  0 0 0 0  0 0 0 0  0 0 0 0  0 0 0 0  0 0 0 0  0 0 0 0  0 0 0 0  0 0 0 0  0 0 0 0  0 0 0 0  0 0 0 0  0 0 0 0  0 0 0 0  0 0 0 0  0 0 0 0  0 0 0 0  0 0 0 0  0 0 0 0  0 0 0 0  0 0 0 0  0 0 0 0  0 0 0 0  0 0 0 0  0 0 0 0  0 0 0 0  0 0 0 0  0 0 0 0  0 0 0 0  
0 0 0 0  0 0 0 0  0 0 0 0  0 0 0 0  0 0 0 0  0 0 0 0  0 0 0 0  0 0 0 0  0 0 0 0  0 0 0 0  0 0 0 0  0 0 0 0  0 0 0 0  0 0 0 0  0 0 0 0  0 0 0 0  0 0 0 0  0 0 0 0  0 0 0 0  0 0 0 0  0 0 0 0  0 0 0 0  0 0 0 0  0 0 0 0  0 0 0 0  0 0 0 0  0 0 0 0  0 0 0 0  0 0 0 0  0 0 0 0  0 0 0 0  0 0 0 0  0 0 0 0  0 0 0 0  0 0 0 0  0 0 0 0  0 0 0 0  0 0 0 0  0 0 0 0  0 0 0 0  0 0 0 0  0 0 0 0  0 0 0 0  0 0 0 0  0 0 0 0  0 0 0 0  0 0 0 0  0 0 0 0  0 0 0 0  0 0 0 0  0 0 0 0  0 0 0 0  0 0 0 0  0 0 0 0  0 0 0 0  0 0 0 0  0 0 0 0  0 0 0 0  0 0 0 0  0 0 0 0  0 0 0 0  0 0 0 0  0 0 0 0  0 0 0 0  0 0 0 0  0 0 0 0  0 0 0 0  0 0 0 0  0 0 0 0  0 0 0 0  0 0 0 0  0 0 0 0  0 0 0 0  0 0 0 0  0 0 0 0  0 0 0 0  0 0 0 0  0 0 0 0  0 0 0 0  0 0 0 0  0 0 0 0  0 0 0 0  0 0 0 0  0 0 0 0  
0 0 0 0  0 0 0 0  0 0 0 0  0 0 0 0  0 0 0 0  0 0 0 0  0 0 0 0  0 0 0 0  0 0 0 0  0 0 0 0  0 0 0 0  0 0 0 0  0 0 0 0  0 0 0 0  0 0 0 0  0 0 0 0  0 0 0 0  0 0 0 0  0 0 0 0  0 0 0 0  0 0 0 0  0 0 0 0  0 0 0 0  0 0 0 0  0 0 0 0  0 0 0 0  0 0 0 0  0 0 0 0  0 0 0 0  0 0 0 0  0 0 0 0  0 0 0 0  0 0 0 0  0 0 0 0  0 0 0 0  0 0 0 0  0 0 0 0  0 0 0 0  0 0 0 0  0 0 0 0  0 0 0 0  0 0 0 0  0 0 0 0  0 0 0 0  0 0 0 0  0 0 0 0  0 0 0 0  0 0 0 0  0 0 0 0  0 0 0 0  0 0 0 0  0 0 0 0  0 0 0 0  0 0 0 0  0 0 0 0  0 0 0 0  0 0 0 0  0 0 0 0  0 0 0 0  0 0 0 0  0 0 0 0  0 0 0 0  0 0 0 0  0 0 0 0  0 0 0 0  0 0 0 0  0 0 0 0  0 0 0 0  0 0 0 0  0 0 0 0  0 0 0 0  0 0 0 0  0 0 0 0  0 0 0 0  0 0 0 0  0 0 0 0  0 0 0 0  0 0 0 0  0 0 0 0  0 0 0 0  0 0 0 0  0 0 0 0  0 0 0 0  0 0 0 0  
0 0 0 0  0 0 0 0  0 0 0 0  0 0 0 0  0 0 0 0  0 0 0 0  0 0 0 0  0 0 0 0  0 0 0 0  0 0 0 0  0 0 0 0  0 0 0 0  0 0 0 0  0 0 0 0  0 0 0 0  0 0 0 0  0 0 0 0  0 0 0 0  0 0 0 0  0 0 0 0  0 0 0 0  0 0 0 0  0 0 0 0  0 0 0 0  0 0 0 0  0 0 0 0  0 0 0 0  0 0 0 0  0 0 0 0  0 0 0 0  0 0 0 0  0 0 0 0  0 0 0 0  0 0 0 0  0 0 0 0  0 0 0 0  0 0 0 0  0 0 0 0  0 0 0 0  0 0 0 0  0 0 0 0  0 0 0 0  0 0 0 0  0 0 0 0  0 0 0 0  0 0 0 0  0 0 0 0  0 0 0 0  0 0 0 0  0 0 0 0  0 0 0 0  0 0 0 0  0 0 0 0  0 0 0 0  0 0 0 0  0 0 0 0  0 0 0 0  0 0 0 0  0 0 0 0  0 0 0 0  0 0 0 0  0 0 0 0  0 0 0 0  0 0 0 0  0 0 0 0  0 0 0 0  0 0 0 0  0 0 0 0  0 0 0 0  0 0 0 0  0 0 0 0  0 0 0 0  0 0 0 0  0 0 0 0  0 0 0 0  0 0 0 0  0 0 0 0  0 0 0 0  0 0 0 0  0 0 0 0  0 0 0 0  0 0 0 0  0 0 0 0  0 0 0 0  
0 0 0 0  0 0 0 0  0 0 0 0  0 0 0 0  0 0 0 0  0 0 0 0  0 0 0 0  0 0 0 0  0 0 0 0  0 0 0 0  0 0 0 0  0 0 0 0  0 0 0 0  0 0 0 0  0 0 0 0  0 0 0 0  0 0 0 0  0 0 0 0  0 0 0 0  0 0 0 0  0 0 0 0  0 0 0 0  0 0 0 0  0 0 0 0  0 0 0 0  0 0 0 0  0 0 0 0  0 0 0 0  0 0 0 0  0 0 0 0  0 0 0 0  0 0 0 0  0 0 0 0  0 0 0 0  0 0 0 0  0 0 0 0  0 0 0 0  0 0 0 0  0 0 0 0  0 0 0 0  0 0 0 0  0 0 0 0  0 0 0 0  0 0 0 0  0 0 0 0  0 0 0 0  0 0 0 0  0 0 0 0  0 0 0 0  0 0 0 0  0 0 0 0  0 0 0 0  0 0 0 0  0 0 0 0  0 0 0 0  0 0 0 0  0 0 0 0  0 0 0 0  0 0 0 0  0 0 0 0  0 0 0 0  0 0 0 0  0 0 0 0  0 0 0 0  0 0 0 0  0 0 0 0  0 0 0 0  0 0 0 0  0 0 0 0  0 0 0 0  0 0 0 0  0 0 0 0  0 0 0 0  0 0 0 0  0 0 0 0  0 0 0 0  0 0 0 0  0 0 0 0  0 0 0 0  0 0 0 0  0 0 0 0  0 0 0 0  0 0 0 0  0 0 0 0  
0 0 0 0  0 0 0 0  0 0 0 0  0 0 0 0  0 0 0 0  0 0 0 0  0 0 0 0  0 0 0 0  0 0 0 0  0 0 0 0  0 0 0 0  0 0 0 0  0 0 0 0  0 0 0 0  0 0 0 0  0 0 0 0  0 0 0 0  0 0 0 0  0 0 0 0  0 0 0 0  0 0 0 0  0 0 0 0  0 0 0 0  0 0 0 0  0 0 0 0  0 0 0 0  0 0 0 0  0 0 0 0  0 0 0 0  0 0 0 0  0 0 0 0  0 0 0 0  0 0 0 0  0 0 0 0  0 0 0 0  0 0 0 0  0 0 0 0  0 0 0 0  0 0 0 0  0 0 0 0  0 0 0 0  0 0 0 0  0 0 0 0  0 0 0 0  0 0 0 0  0 0 0 0  0 0 0 0  0 0 0 0  0 0 0 0  0 0 0 0  0 0 0 0  0 0 0 0  0 0 0 0  0 0 0 0  0 0 0 0  0 0 0 0  0 0 0 0  0 0 0 0  0 0 0 0  0 0 0 0  0 0 0 0  0 0 0 0  0 0 0 0  0 0 0 0  0 0 0 0  0 0 0 0  0 0 0 0  0 0 0 0  0 0 0 0  0 0 0 0  0 0 0 0  0 0 0 0  0 0 0 0  0 0 0 0  0 0 0 0  0 0 0 0  0 0 0 0  0 0 0 0  0 0 0 0  0 0 0 0  0 0 0 0  0 0 0 0  0 0 0 0  0 0 0 0  
0 0 0 0  0 0 0 0  0 0 0 0  0 0 0 0  0 0 0 0  0 0 0 0  0 0 0 0  0 0 0 0  0 0 0 0  0 0 0 0  0 0 0 0  0 0 0 0  0 0 0 0  0 0 0 0  0 0 0 0  0 0 0 0  0 0 0 0  0 0 0 0  0 0 0 0  0 0 0 0  0 0 0 0  0 0 0 0  0 0 0 0  0 0 0 0  0 0 0 0  0 0 0 0  0 0 0 0  0 0 0 0  0 0 0 0  0 0 0 0  0 0 0 0  0 0 0 0  0 0 0 0  0 0 0 0  0 0 0 0  0 0 0 0  0 0 0 0  0 0 0 0  0 0 0 0  0 0 0 0  0 0 0 0  0 0 0 0  0 0 0 0  0 0 0 0  0 0 0 0  0 0 0 0  0 0 0 0  0 0 0 0  0 0 0 0  0 0 0 0  0 0 0 0  0 0 0 0  0 0 0 0  0 0 0 0  0 0 0 0  0 0 0 0  0 0 0 0  0 0 0 0  0 0 0 0  0 0 0 0  0 0 0 0  0 0 0 0  0 0 0 0  0 0 0 0  0 0 0 0  0 0 0 0  0 0 0 0  0 0 0 0  0 0 0 0  0 0 0 0  0 0 0 0  0 0 0 0  0 0 0 0  0 0 0 0  0 0 0 0  0 0 0 0  0 0 0 0  0 0 0 0  0 0 0 0  0 0 0 0  0 0 0 0  0 0 0 0  0 0 0 0  0 0 0 0  
0 0 0 0  0 0 0 0  0 0 0 0  0 0 0 0  0 0 0 0  0 0 0 0  0 0 0 0  0 0 0 0  0 0 0 0  0 0 0 0  0 0 0 0  0 0 0 0  0 0 0 0  0 0 0 0  0 0 0 0  0 0 0 0  0 0 0 0  0 0 0 0  0 0 0 0  0 0 0 0  0 0 0 0  0 0 0 0  0 0 0 0  0 0 0 0  0 0 0 0  0 0 0 0  0 0 0 0  0 0 0 0  0 0 0 0  0 0 0 0  0 0 0 0  0 0 0 0  0 0 0 0  0 0 0 0  0 0 0 0  0 0 0 0  0 0 0 0  0 0 0 0  0 0 0 0  0 0 0 0  0 0 0 0  0 0 0 0  0 0 0 0  0 0 0 0  0 0 0 0  0 0 0 0  0 0 0 0  0 0 0 0  0 0 0 0  0 0 0 0  0 0 0 0  0 0 0 0  0 0 0 0  0 0 0 0  0 0 0 0  0 0 0 0  0 0 0 0  0 0 0 0  0 0 0 0  0 0 0 0  0 0 0 0  0 0 0 0  0 0 0 0  0 0 0 0  0 0 0 0  0 0 0 0  0 0 0 0  0 0 0 0  0 0 0 0  0 0 0 0  0 0 0 0  0 0 0 0  0 0 0 0  0 0 0 0  0 0 0 0  0 0 0 0  0 0 0 0  0 0 0 0  0 0 0 0  0 0 0 0  0 0 0 0  0 0 0 0  0 0 0 0  0 0 0 0  
0 0 0 0  0 0 0 0  0 0 0 0  0 0 0 0  0 0 0 0  0 0 0 0  0 0 0 0  0 0 0 0  0 0 0 0  0 0 0 0  0 0 0 0  0 0 0 0  0 0 0 0  0 0 0 0  0 0 0 0  0 0 0 0  0 0 0 0  0 0 0 0  0 0 0 0  0 0 0 0  0 0 0 0  0 0 0 0  0 0 0 0  0 0 0 0  0 0 0 0  0 0 0 0  0 0 0 0  0 0 0 0  0 0 0 0  0 0 0 0  0 0 0 0  0 0 0 0  0 0 0 0  0 0 0 0  0 0 0 0  0 0 0 0  0 0 0 0  0 0 0 0  0 0 0 0  0 0 0 0  0 0 0 0  0 0 0 0  0 0 0 0  0 0 0 0  0 0 0 0  0 0 0 0  0 0 0 0  0 0 0 0  0 0 0 0  0 0 0 0  0 0 0 0  0 0 0 0  0 0 0 0  0 0 0 0  0 0 0 0  0 0 0 0  0 0 0 0  0 0 0 0  0 0 0 0  0 0 0 0  0 0 0 0  0 0 0 0  0 0 0 0  0 0 0 0  0 0 0 0  0 0 0 0  0 0 0 0  0 0 0 0  0 0 0 0  0 0 0 0  0 0 0 0  0 0 0 0  0 0 0 0  0 0 0 0  0 0 0 0  0 0 0 0  0 0 0 0  0 0 0 0  0 0 0 0  0 0 0 0  0 0 0 0  0 0 0 0  0 0 0 0  0 0 0 0  
0 0 0 0  0 0 0 0  0 0 0 0  0 0 0 0  0 0 0 0  0 0 0 0  0 0 0 0  0 0 0 0  0 0 0 0  0 0 0 0  0 0 0 0  0 0 0 0  0 0 0 0  0 0 0 0  0 0 0 0  0 0 0 0  0 0 0 0  0 0 0 0  0 0 0 0  0 0 0 0  0 0 0 0  0 0 0 0  0 0 0 0  0 0 0 0  0 0 0 0  0 0 0 0  0 0 0 0  0 0 0 0  0 0 0 0  0 0 0 0  0 0 0 0  0 0 0 0  0 0 0 0  0 0 0 0  0 0 0 0  0 0 0 0  0 0 0 0  0 0 0 0  0 0 0 0  0 0 0 0  0 0 0 0  0 0 0 0  0 0 0 0  0 0 0 0  0 0 0 0  0 0 0 0  0 0 0 0  0 0 0 0  0 0 0 0  0 0 0 0  0 0 0 0  0 0 0 0  0 0 0 0  0 0 0 0  0 0 0 0  0 0 0 0  0 0 0 0  0 0 0 0  0 0 0 0  0 0 0 0  0 0 0 0  0 0 0 0  0 0 0 0  0 0 0 0  0 0 0 0  0 0 0 0  0 0 0 0  0 0 0 0  0 0 0 0  0 0 0 0  0 0 0 0  0 0 0 0  0 0 0 0  0 0 0 0  0 0 0 0  0 0 0 0  0 0 0 0  0 0 0 0  0 0 0 0  0 0 0 0  0 0 0 0  0 0 0 0  0 0 0 0  0 0 0 0  
0 0 0 0  0 0 0 0  0 0 0 0  0 0 0 0  0 0 0 0  0 0 0 0  0 0 0 0  0 0 0 0  0 0 0 0  0 0 0 0  0 0 0 0  0 0 0 0  0 0 0 0  0 0 0 0  0 0 0 0  0 0 0 0  0 0 0 0  0 0 0 0  0 0 0 0  0 0 0 0  0 0 0 0  0 0 0 0  0 0 0 0  0 0 0 0  0 0 0 0  0 0 0 0  0 0 0 0  0 0 0 0  0 0 0 0  0 0 0 0  0 0 0 0  0 0 0 0  0 0 0 0  0 0 0 0  0 0 0 0  0 0 0 0  0 0 0 0  0 0 0 0  0 0 0 0  0 0 0 0  0 0 0 0  0 0 0 0  0 0 0 0  0 0 0 0  0 0 0 0  0 0 0 0  0 0 0 0  0 0 0 0  0 0 0 0  0 0 0 0  0 0 0 0  0 0 0 0  0 0 0 0  0 0 0 0  0 0 0 0  0 0 0 0  0 0 0 0  0 0 0 0  0 0 0 0  0 0 0 0  0 0 0 0  0 0 0 0  0 0 0 0  0 0 0 0  0 0 0 0  0 0 0 0  0 0 0 0  0 0 0 0  0 0 0 0  0 0 0 0  0 0 0 0  0 0 0 0  0 0 0 0  0 0 0 0  0 0 0 0  0 0 0 0  0 0 0 0  0 0 0 0  0 0 0 0  0 0 0 0  0 0 0 0  0 0 0 0  0 0 0 0  0 0 0 0  
0 0 0 0  0 0 0 0  0 0 0 0  0 0 0 0  0 0 0 0  0 0 0 0  0 0 0 0  0 0 0 0  0 0 0 0  0 0 0 0  0 0 0 0  0 0 0 0  0 0 0 0  0 0 0 0  0 0 0 0  0 0 0 0  0 0 0 0  0 0 0 0  0 0 0 0  0 0 0 0  0 0 0 0  0 0 0 0  0 0 0 0  0 0 0 0  0 0 0 0  0 0 0 0  0 0 0 0  0 0 0 0  0 0 0 0  0 0 0 0  0 0 0 0  0 0 0 0  0 0 0 0  0 0 0 0  0 0 0 0  0 0 0 0  0 0 0 0  0 0 0 0  0 0 0 0  0 0 0 0  0 0 0 0  0 0 0 0  0 0 0 0  0 0 0 0  0 0 0 0  0 0 0 0  0 0 0 0  0 0 0 0  0 0 0 0  0 0 0 0  0 0 0 0  0 0 0 0  0 0 0 0  0 0 0 0  0 0 0 0  0 0 0 0  0 0 0 0  0 0 0 0  0 0 0 0  0 0 0 0  0 0 0 0  0 0 0 0  0 0 0 0  0 0 0 0  0 0 0 0  0 0 0 0  0 0 0 0  0 0 0 0  0 0 0 0  0 0 0 0  0 0 0 0  0 0 0 0  0 0 0 0  0 0 0 0  0 0 0 0  0 0 0 0  0 0 0 0  0 0 0 0  0 0 0 0  0 0 0 0  0 0 0 0  0 0 0 0  0 0 0 0  0 0 0 0  
0 0 0 0  0 0 0 0  0 0 0 0  0 0 0 0  0 0 0 0  0 0 0 0  0 0 0 0  0 0 0 0  0 0 0 0  0 0 0 0  0 0 0 0  0 0 0 0  0 0 0 0  0 0 0 0  0 0 0 0  0 0 0 0  0 0 0 0  0 0 0 0  0 0 0 0  0 0 0 0  0 0 0 0  0 0 0 0  0 0 0 0  0 0 0 0  0 0 0 0  0 0 0 0  0 0 0 0  0 0 0 0  0 0 0 0  0 0 0 0  0 0 0 0  0 0 0 0  0 0 0 0  0 0 0 0  0 0 0 0  0 0 0 0  0 0 0 0  0 0 0 0  0 0 0 0  0 0 0 0  0 0 0 0  0 0 0 0  0 0 0 0  0 0 0 0  0 0 0 0  0 0 0 0  0 0 0 0  0 0 0 0  0 0 0 0  0 0 0 0  0 0 0 0  0 0 0 0  0 0 0 0  0 0 0 0  0 0 0 0  0 0 0 0  0 0 0 0  0 0 0 0  0 0 0 0  0 0 0 0  0 0 0 0  0 0 0 0  0 0 0 0  0 0 0 0  0 0 0 0  0 0 0 0  0 0 0 0  0 0 0 0  0 0 0 0  0 0 0 0  0 0 0 0  0 0 0 0  0 0 0 0  0 0 0 0  0 0 0 0  0 0 0 0  0 0 0 0  0 0 0 0  0 0 0 0  0 0 0 0  0 0 0 0  0 0 0 0  0 0 0 0  0 0 0 0  
0 0 0 0  0 0 0 0  0 0 0 0  0 0 0 0  0 0 0 0  0 0 0 0  0 0 0 0  0 0 0 0  0 0 0 0  0 0 0 0  0 0 0 0  0 0 0 0  0 0 0 0  0 0 0 0  0 0 0 0  0 0 0 0  0 0 0 0  0 0 0 0  0 0 0 0  0 0 0 0  0 0 0 0  0 0 0 0  0 0 0 0  0 0 0 0  0 0 0 0  0 0 0 0  0 0 0 0  0 0 0 0  0 0 0 0  0 0 0 0  0 0 0 0  0 0 0 0  0 0 0 0  0 0 0 0  0 0 0 0  0 0 0 0  0 0 0 0  0 0 0 0  0 0 0 0  0 0 0 0  0 0 0 0  0 0 0 0  0 0 0 0  0 0 0 0  0 0 0 0  0 0 0 0  0 0 0 0  0 0 0 0  0 0 0 0  0 0 0 0  0 0 0 0  0 0 0 0  0 0 0 0  0 0 0 0  0 0 0 0  0 0 0 0  0 0 0 0  0 0 0 0  0 0 0 0  0 0 0 0  0 0 0 0  0 0 0 0  0 0 0 0  0 0 0 0  0 0 0 0  0 0 0 0  0 0 0 0  0 0 0 0  0 0 0 0  0 0 0 0  0 0 0 0  0 0 0 0  0 0 0 0  0 0 0 0  0 0 0 0  0 0 0 0  0 0 0 0  0 0 0 0  0 0 0 0  0 0 0 0  0 0 0 0  0 0 0 0  0 0 0 0  0 0 0 0  
0 0 0 0  0 0 0 0  0 0 0 0  0 0 0 0  0 0 0 0  0 0 0 0  0 0 0 0  0 0 0 0  0 0 0 0  0 0 0 0  0 0 0 0  0 0 0 0  0 0 0 0  0 0 0 0  0 0 0 0  0 0 0 0  0 0 0 0  0 0 0 0  0 0 0 0  0 0 0 0  0 0 0 0  0 0 0 0  0 0 0 0  0 0 0 0  0 0 0 0  0 0 0 0  0 0 0 0  0 0 0 0  0 0 0 0  0 0 0 0  0 0 0 0  0 0 0 0  0 0 0 0  0 0 0 0  0 0 0 0  0 0 0 0  0 0 0 0  0 0 0 0  0 0 0 0  0 0 0 0  0 0 0 0  0 0 0 0  0 0 0 0  0 0 0 0  0 0 0 0  0 0 0 0  0 0 0 0  0 0 0 0  0 0 0 0  0 0 0 0  0 0 0 0  0 0 0 0  0 0 0 0  0 0 0 0  0 0 0 0  0 0 0 0  0 0 0 0  0 0 0 0  0 0 0 0  0 0 0 0  0 0 0 0  0 0 0 0  0 0 0 0  0 0 0 0  0 0 0 0  0 0 0 0  0 0 0 0  0 0 0 0  0 0 0 0  0 0 0 0  0 0 0 0  0 0 0 0  0 0 0 0  0 0 0 0  0 0 0 0  0 0 0 0  0 0 0 0  0 0 0 0  0 0 0 0  0 0 0 0  0 0 0 0  0 0 0 0  0 0 0 0  0 0 0 0  
0 0 0 0  0 0 0 0  0 0 0 0  0 0 0 0  0 0 0 0  0 0 0 0  0 0 0 0  0 0 0 0  0 0 0 0  0 0 0 0  0 0 0 0  0 0 0 0  0 0 0 0  0 0 0 0  0 0 0 0  0 0 0 0  0 0 0 0  0 0 0 0  0 0 0 0  0 0 0 0  0 0 0 0  0 0 0 0  0 0 0 0  0 0 0 0  0 0 0 0  0 0 0 0  0 0 0 0  0 0 0 0  0 0 0 0  0 0 0 0  0 0 0 0  0 0 0 0  0 0 0 0  0 0 0 0  0 0 0 0  0 0 0 0  0 0 0 0  0 0 0 0  0 0 0 0  0 0 0 0  0 0 0 0  0 0 0 0  0 0 0 0  0 0 0 0  0 0 0 0  0 0 0 0  0 0 0 0  0 0 0 0  0 0 0 0  0 0 0 0  0 0 0 0  0 0 0 0  0 0 0 0  0 0 0 0  0 0 0 0  0 0 0 0  0 0 0 0  0 0 0 0  0 0 0 0  0 0 0 0  0 0 0 0  0 0 0 0  0 0 0 0  0 0 0 0  0 0 0 0  0 0 0 0  0 0 0 0  0 0 0 0  0 0 0 0  0 0 0 0  0 0 0 0  0 0 0 0  0 0 0 0  0 0 0 0  0 0 0 0  0 0 0 0  0 0 0 0  0 0 0 0  0 0 0 0  0 0 0 0  0 0 0 0  0 0 0 0  0 0 0 0  0 0 0 0  
0 0 0 0  0 0 0 0  0 0 0 0  0 0 0 0  0 0 0 0  0 0 0 0  0 0 0 0  0 0 0 0  0 0 0 0  0 0 0 0  0 0 0 0  0 0 0 0  0 0 0 0  0 0 0 0  0 0 0 0  0 0 0 0  0 0 0 0  0 0 0 0  0 0 0 0  0 0 0 0  0 0 0 0  0 0 0 0  0 0 0 0  0 0 0 0  0 0 0 0  0 0 0 0  0 0 0 0  0 0 0 0  0 0 0 0  0 0 0 0  0 0 0 0  0 0 0 0  0 0 0 0  0 0 0 0  0 0 0 0  0 0 0 0  0 0 0 0  0 0 0 0  0 0 0 0  0 0 0 0  0 0 0 0  0 0 0 0  0 0 0 0  0 0 0 0  0 0 0 0  0 0 0 0  0 0 0 0  0 0 0 0  0 0 0 0  0 0 0 0  0 0 0 0  0 0 0 0  0 0 0 0  0 0 0 0  0 0 0 0  0 0 0 0  0 0 0 0  0 0 0 0  0 0 0 0  0 0 0 0  0 0 0 0  0 0 0 0  0 0 0 0  0 0 0 0  0 0 0 0  0 0 0 0  0 0 0 0  0 0 0 0  0 0 0 0  0 0 0 0  0 0 0 0  0 0 0 0  0 0 0 0  0 0 0 0  0 0 0 0  0 0 0 0  0 0 0 0  0 0 0 0  0 0 0 0  0 0 0 0  0 0 0 0  0 0 0 0  0 0 0 0  0 0 0 0  
0 0 0 0  0 0 0 0  0 0 0 0  0 0 0 0  0 0 0 0  0 0 0 0  0 0 0 0  0 0 0 0  0 0 0 0  0 0 0 0  0 0 0 0  0 0 0 0  0 0 0 0  0 0 0 0  0 0 0 0  0 0 0 0  0 0 0 0  0 0 0 0  0 0 0 0  0 0 0 0  0 0 0 0  0 0 0 0  0 0 0 0  0 0 0 0  0 0 0 0  0 0 0 0  0 0 0 0  0 0 0 0  0 0 0 0  0 0 0 0  0 0 0 0  0 0 0 0  0 0 0 0  0 0 0 0  0 0 0 0  0 0 0 0  0 0 0 0  0 0 0 0  0 0 0 0  0 0 0 0  0 0 0 0  0 0 0 0  0 0 0 0  0 0 0 0  0 0 0 0  0 0 0 0  0 0 0 0  0 0 0 0  0 0 0 0  0 0 0 0  0 0 0 0  0 0 0 0  0 0 0 0  0 0 0 0  0 0 0 0  0 0 0 0  0 0 0 0  0 0 0 0  0 0 0 0  0 0 0 0  0 0 0 0  0 0 0 0  0 0 0 0  0 0 0 0  0 0 0 0  0 0 0 0  0 0 0 0  0 0 0 0  0 0 0 0  0 0 0 0  0 0 0 0  0 0 0 0  0 0 0 0  0 0 0 0  0 0 0 0  0 0 0 0  0 0 0 0  0 0 0 0  0 0 0 0  0 0 0 0  0 0 0 0  0 0 0 0  0 0 0 0  0 0 0 0  
0 0 0 0  0 0 0 0  0 0 0 0  0 0 0 0  0 0 0 0  0 0 0 0  0 0 0 0  0 0 0 0  0 0 0 0  0 0 0 0  0 0 0 0  0 0 0 0  0 0 0 0  0 0 0 0  0 0 0 0  0 0 0 0  0 0 0 0  0 0 0 0  0 0 0 0  0 0 0 0  0 0 0 0  0 0 0 0  0 0 0 0  0 0 0 0  0 0 0 0  0 0 0 0  0 0 0 0  0 0 0 0  0 0 0 0  0 0 0 0  0 0 0 0  0 0 0 0  0 0 0 0  0 0 0 0  0 0 0 0  0 0 0 0  0 0 0 0  0 0 0 0  0 0 0 0  0 0 0 0  0 0 0 0  0 0 0 0  0 0 0 0  0 0 0 0  0 0 0 0  0 0 0 0  0 0 0 0  0 0 0 0  0 0 0 0  0 0 0 0  0 0 0 0  0 0 0 0  0 0 0 0  0 0 0 0  0 0 0 0  0 0 0 0  0 0 0 0  0 0 0 0  0 0 0 0  0 0 0 0  0 0 0 0  0 0 0 0  0 0 0 0  0 0 0 0  0 0 0 0  0 0 0 0  0 0 0 0  0 0 0 0  0 0 0 0  0 0 0 0  0 0 0 0  0 0 0 0  0 0 0 0  0 0 0 0  0 0 0 0  0 0 0 0  0 0 0 0  0 0 0 0  0 0 0 0  0 0 0 0  0 0 0 0  0 0 0 0  0 0 0 0  0 0 0 0  
0 0 0 0  0 0 0 0  0 0 0 0  0 0 0 0  0 0 0 0  0 0 0 0  0 0 0 0  0 0 0 0  0 0 0 0  0 0 0 0  0 0 0 0  0 0 0 0  0 0 0 0  0 0 0 0  0 0 0 0  0 0 0 0  0 0 0 0  0 0 0 0  0 0 0 0  0 0 0 0  0 0 0 0  0 0 0 0  0 0 0 0  0 0 0 0  0 0 0 0  0 0 0 0  0 0 0 0  0 0 0 0  0 0 0 0  0 0 0 0  0 0 0 0  0 0 0 0  0 0 0 0  0 0 0 0  0 0 0 0  0 0 0 0  0 0 0 0  0 0 0 0  0 0 0 0  0 0 0 0  0 0 0 0  0 0 0 0  0 0 0 0  0 0 0 0  0 0 0 0  0 0 0 0  0 0 0 0  0 0 0 0  0 0 0 0  0 0 0 0  0 0 0 0  0 0 0 0  0 0 0 0  0 0 0 0  0 0 0 0  0 0 0 0  0 0 0 0  0 0 0 0  0 0 0 0  0 0 0 0  0 0 0 0  0 0 0 0  0 0 0 0  0 0 0 0  0 0 0 0  0 0 0 0  0 0 0 0  0 0 0 0  0 0 0 0  0 0 0 0  0 0 0 0  0 0 0 0  0 0 0 0  0 0 0 0  0 0 0 0  0 0 0 0  0 0 0 0  0 0 0 0  0 0 0 0  0 0 0 0  0 0 0 0  0 0 0 0  0 0 0 0  0 0 0 0  
0 0 0 0  0 0 0 0  0 0 0 0  0 0 0 0  0 0 0 0  0 0 0 0  0 0 0 0  0 0 0 0  0 0 0 0  0 0 0 0  0 0 0 0  0 0 0 0  0 0 0 0  0 0 0 0  0 0 0 0  0 0 0 0  0 0 0 0  0 0 0 0  0 0 0 0  0 0 0 0  0 0 0 0  0 0 0 0  0 0 0 0  0 0 0 0  0 0 0 0  0 0 0 0  0 0 0 0  0 0 0 0  0 0 0 0  0 0 0 0  0 0 0 0  0 0 0 0  0 0 0 0  0 0 0 0  0 0 0 0  0 0 0 0  0 0 0 0  0 0 0 0  0 0 0 0  0 0 0 0  0 0 0 0  0 0 0 0  0 0 0 0  0 0 0 0  0 0 0 0  0 0 0 0  0 0 0 0  0 0 0 0  0 0 0 0  0 0 0 0  0 0 0 0  0 0 0 0  0 0 0 0  0 0 0 0  0 0 0 0  0 0 0 0  0 0 0 0  0 0 0 0  0 0 0 0  0 0 0 0  0 0 0 0  0 0 0 0  0 0 0 0  0 0 0 0  0 0 0 0  0 0 0 0  0 0 0 0  0 0 0 0  0 0 0 0  0 0 0 0  0 0 0 0  0 0 0 0  0 0 0 0  0 0 0 0  0 0 0 0  0 0 0 0  0 0 0 0  0 0 0 0  0 0 0 0  0 0 0 0  0 0 0 0  0 0 0 0  0 0 0 0  0 0 0 0  
0 0 0 0  0 0 0 0  0 0 0 0  0 0 0 0  0 0 0 0  0 0 0 0  0 0 0 0  0 0 0 0  0 0 0 0  0 0 0 0  0 0 0 0  0 0 0 0  0 0 0 0  0 0 0 0  0 0 0 0  0 0 0 0  0 0 0 0  0 0 0 0  0 0 0 0  0 0 0 0  0 0 0 0  0 0 0 0  0 0 0 0  0 0 0 0  0 0 0 0  0 0 0 0  0 0 0 0  0 0 0 0  0 0 0 0  0 0 0 0  0 0 0 0  0 0 0 0  0 0 0 0  0 0 0 0  0 0 0 0  0 0 0 0  0 0 0 0  0 0 0 0  0 0 0 0  0 0 0 0  0 0 0 0  0 0 0 0  0 0 0 0  0 0 0 0  0 0 0 0  0 0 0 0  0 0 0 0  0 0 0 0  0 0 0 0  0 0 0 0  0 0 0 0  0 0 0 0  0 0 0 0  0 0 0 0  0 0 0 0  0 0 0 0  0 0 0 0  0 0 0 0  0 0 0 0  0 0 0 0  0 0 0 0  0 0 0 0  0 0 0 0  0 0 0 0  0 0 0 0  0 0 0 0  0 0 0 0  0 0 0 0  0 0 0 0  0 0 0 0  0 0 0 0  0 0 0 0  0 0 0 0  0 0 0 0  0 0 0 0  0 0 0 0  0 0 0 0  0 0 0 0  0 0 0 0  0 0 0 0  0 0 0 0  0 0 0 0  0 0 0 0  0 0 0 0  
0 0 0 0  0 0 0 0  0 0 0 0  0 0 0 0  0 0 0 0  0 0 0 0  0 0 0 0  0 0 0 0  0 0 0 0  0 0 0 0  0 0 0 0  0 0 0 0  0 0 0 0  0 0 0 0  0 0 0 0  0 0 0 0  0 0 0 0  0 0 0 0  0 0 0 0  0 0 0 0  0 0 0 0  0 0 0 0  0 0 0 0  0 0 0 0  0 0 0 0  0 0 0 0  0 0 0 0  0 0 0 0  0 0 0 0  0 0 0 0  0 0 0 0  0 0 0 0  0 0 0 0  0 0 0 0  0 0 0 0  0 0 0 0  0 0 0 0  0 0 0 0  0 0 0 0  0 0 0 0  0 0 0 0  0 0 0 0  0 0 0 0  0 0 0 0  0 0 0 0  0 0 0 0  0 0 0 0  0 0 0 0  0 0 0 0  0 0 0 0  0 0 0 0  0 0 0 0  0 0 0 0  0 0 0 0  0 0 0 0  0 0 0 0  0 0 0 0  0 0 0 0  0 0 0 0  0 0 0 0  0 0 0 0  0 0 0 0  0 0 0 0  0 0 0 0  0 0 0 0  0 0 0 0  0 0 0 0  0 0 0 0  0 0 0 0  0 0 0 0  0 0 0 0  0 0 0 0  0 0 0 0  0 0 0 0  0 0 0 0  0 0 0 0  0 0 0 0  0 0 0 0  0 0 0 0  0 0 0 0  0 0 0 0  0 0 0 0  0 0 0 0  0 0 0 0  
0 0 0 0  0 0 0 0  0 0 0 0  0 0 0 0  0 0 0 0  0 0 0 0  0 0 0 0  0 0 0 0  0 0 0 0  0 0 0 0  0 0 0 0  0 0 0 0  0 0 0 0  0 0 0 0  0 0 0 0  0 0 0 0  0 0 0 0  0 0 0 0  0 0 0 0  0 0 0 0  0 0 0 0  0 0 0 0  0 0 0 0  0 0 0 0  0 0 0 0  0 0 0 0  0 0 0 0  0 0 0 0  0 0 0 0  0 0 0 0  0 0 0 0  0 0 0 0  0 0 0 0  0 0 0 0  0 0 0 0  0 0 0 0  0 0 0 0  0 0 0 0  0 0 0 0  0 0 0 0  0 0 0 0  0 0 0 0  0 0 0 0  0 0 0 0  0 0 0 0  0 0 0 0  0 0 0 0  0 0 0 0  0 0 0 0  0 0 0 0  0 0 0 0  0 0 0 0  0 0 0 0  0 0 0 0  0 0 0 0  0 0 0 0  0 0 0 0  0 0 0 0  0 0 0 0  0 0 0 0  0 0 0 0  0 0 0 0  0 0 0 0  0 0 0 0  0 0 0 0  0 0 0 0  0 0 0 0  0 0 0 0  0 0 0 0  0 0 0 0  0 0 0 0  0 0 0 0  0 0 0 0  0 0 0 0  0 0 0 0  0 0 0 0  0 0 0 0  0 0 0 0  0 0 0 0  0 0 0 0  0 0 0 0  0 0 0 0  0 0 0 0  0 0 0 0  
0 0 0 0  0 0 0 0  0 0 0 0  0 0 0 0  0 0 0 0  0 0 0 0  0 0 0 0  0 0 0 0  0 0 0 0  0 0 0 0  0 0 0 0  0 0 0 0  0 0 0 0  0 0 0 0  0 0 0 0  0 0 0 0  0 0 0 0  0 0 0 0  0 0 0 0  0 0 0 0  0 0 0 0  0 0 0 0  0 0 0 0  0 0 0 0  0 0 0 0  0 0 0 0  0 0 0 0  0 0 0 0  0 0 0 0  0 0 0 0  0 0 0 0  0 0 0 0  0 0 0 0  0 0 0 0  0 0 0 0  0 0 0 0  0 0 0 0  0 0 0 0  0 0 0 0  0 0 0 0  0 0 0 0  0 0 0 0  0 0 0 0  0 0 0 0  0 0 0 0  0 0 0 0  0 0 0 0  0 0 0 0  0 0 0 0  0 0 0 0  0 0 0 0  0 0 0 0  0 0 0 0  0 0 0 0  0 0 0 0  0 0 0 0  0 0 0 0  0 0 0 0  0 0 0 0  0 0 0 0  0 0 0 0  0 0 0 0  0 0 0 0  0 0 0 0  0 0 0 0  0 0 0 0  0 0 0 0  0 0 0 0  0 0 0 0  0 0 0 0  0 0 0 0  0 0 0 0  0 0 0 0  0 0 0 0  0 0 0 0  0 0 0 0  0 0 0 0  0 0 0 0  0 0 0 0  0 0 0 0  0 0 0 0  0 0 0 0  0 0 0 0  0 0 0 0  
0 0 0 0  0 0 0 0  0 0 0 0  0 0 0 0  0 0 0 0  0 0 0 0  0 0 0 0  0 0 0 0  0 0 0 0  0 0 0 0  0 0 0 0  0 0 0 0  0 0 0 0  0 0 0 0  0 0 0 0  0 0 0 0  0 0 0 0  0 0 0 0  0 0 0 0  0 0 0 0  0 0 0 0  0 0 0 0  0 0 0 0  0 0 0 0  0 0 0 0  0 0 0 0  0 0 0 0  0 0 0 0  0 0 0 0  0 0 0 0  0 0 0 0  0 0 0 0  0 0 0 0  0 0 0 0  0 0 0 0  0 0 0 0  0 0 0 0  0 0 0 0  0 0 0 0  0 0 0 0  0 0 0 0  0 0 0 0  0 0 0 0  0 0 0 0  0 0 0 0  0 0 0 0  0 0 0 0  0 0 0 0  0 0 0 0  0 0 0 0  0 0 0 0  0 0 0 0  0 0 0 0  0 0 0 0  0 0 0 0  0 0 0 0  0 0 0 0  0 0 0 0  0 0 0 0  0 0 0 0  0 0 0 0  0 0 0 0  0 0 0 0  0 0 0 0  0 0 0 0  0 0 0 0  0 0 0 0  0 0 0 0  0 0 0 0  0 0 0 0  0 0 0 0  0 0 0 0  0 0 0 0  0 0 0 0  0 0 0 0  0 0 0 0  0 0 0 0  0 0 0 0  0 0 0 0  0 0 0 0  0 0 0 0  0 0 0 0  0 0 0 0  0 0 0 0  
0 0 0 0  0 0 0 0  0 0 0 0  0 0 0 0  0 0 0 0  0 0 0 0  0 0 0 0  0 0 0 0  0 0 0 0  0 0 0 0  0 0 0 0  0 0 0 0  0 0 0 0  0 0 0 0  0 0 0 0  0 0 0 0  0 0 0 0  0 0 0 0  0 0 0 0  0 0 0 0  0 0 0 0  0 0 0 0  0 0 0 0  0 0 0 0  0 0 0 0  0 0 0 0  0 0 0 0  0 0 0 0  0 0 0 0  0 0 0 0  0 0 0 0  0 0 0 0  0 0 0 0  0 0 0 0  0 0 0 0  0 0 0 0  0 0 0 0  0 0 0 0  0 0 0 0  0 0 0 0  0 0 0 0  0 0 0 0  0 0 0 0  0 0 0 0  0 0 0 0  0 0 0 0  0 0 0 0  0 0 0 0  0 0 0 0  0 0 0 0  0 0 0 0  0 0 0 0  0 0 0 0  0 0 0 0  0 0 0 0  0 0 0 0  0 0 0 0  0 0 0 0  0 0 0 0  0 0 0 0  0 0 0 0  0 0 0 0  0 0 0 0  0 0 0 0  0 0 0 0  0 0 0 0  0 0 0 0  0 0 0 0  0 0 0 0  0 0 0 0  0 0 0 0  0 0 0 0  0 0 0 0  0 0 0 0  0 0 0 0  0 0 0 0  0 0 0 0  0 0 0 0  0 0 0 0  0 0 0 0  0 0 0 0  0 0 0 0  0 0 0 0  0 0 0 0  
0 0 0 0  0 0 0 0  0 0 0 0  0 0 0 0  0 0 0 0  0 0 0 0  0 0 0 0  0 0 0 0  0 0 0 0  0 0 0 0  0 0 0 0  0 0 0 0  0 0 0 0  0 0 0 0  0 0 0 0  0 0 0 0  0 0 0 0  0 0 0 0  0 0 0 0  0 0 0 0  0 0 0 0  0 0 0 0  0 0 0 0  0 0 0 0  0 0 0 0  0 0 0 0  0 0 0 0  0 0 0 0  0 0 0 0  0 0 0 0  0 0 0 0  0 0 0 0  0 0 0 0  0 0 0 0  0 0 0 0  0 0 0 0  0 0 0 0  0 0 0 0  0 0 0 0  0 0 0 0  0 0 0 0  0 0 0 0  0 0 0 0  0 0 0 0  0 0 0 0  0 0 0 0  0 0 0 0  0 0 0 0  0 0 0 0  0 0 0 0  0 0 0 0  0 0 0 0  0 0 0 0  0 0 0 0  0 0 0 0  0 0 0 0  0 0 0 0  0 0 0 0  0 0 0 0  0 0 0 0  0 0 0 0  0 0 0 0  0 0 0 0  0 0 0 0  0 0 0 0  0 0 0 0  0 0 0 0  0 0 0 0  0 0 0 0  0 0 0 0  0 0 0 0  0 0 0 0  0 0 0 0  0 0 0 0  0 0 0 0  0 0 0 0  0 0 0 0  0 0 0 0  0 0 0 0  0 0 0 0  0 0 0 0  0 0 0 0  0 0 0 0  0 0 0 0  
0 0 0 0  0 0 0 0  0 0 0 0  0 0 0 0  0 0 0 0  0 0 0 0  0 0 0 0  0 0 0 0  0 0 0 0  0 0 0 0  0 0 0 0  0 0 0 0  0 0 0 0  0 0 0 0  0 0 0 0  0 0 0 0  0 0 0 0  0 0 0 0  0 0 0 0  0 0 0 0  0 0 0 0  0 0 0 0  0 0 0 0  0 0 0 0  0 0 0 0  0 0 0 0  0 0 0 0  0 0 0 0  0 0 0 0  0 0 0 0  0 0 0 0  0 0 0 0  0 0 0 0  0 0 0 0  0 0 0 0  0 0 0 0  0 0 0 0  0 0 0 0  0 0 0 0  0 0 0 0  0 0 0 0  0 0 0 0  0 0 0 0  0 0 0 0  0 0 0 0  0 0 0 0  0 0 0 0  0 0 0 0  0 0 0 0  0 0 0 0  0 0 0 0  0 0 0 0  0 0 0 0  0 0 0 0  0 0 0 0  0 0 0 0  0 0 0 0  0 0 0 0  0 0 0 0  0 0 0 0  0 0 0 0  0 0 0 0  0 0 0 0  0 0 0 0  0 0 0 0  0 0 0 0  0 0 0 0  0 0 0 0  0 0 0 0  0 0 0 0  0 0 0 0  0 0 0 0  0 0 0 0  0 0 0 0  0 0 0 0  0 0 0 0  0 0 0 0  0 0 0 0  0 0 0 0  0 0 0 0  0 0 0 0  0 0 0 0  0 0 0 0  0 0 0 0  
0 0 0 0  0 0 0 0  0 0 0 0  0 0 0 0  0 0 0 0  0 0 0 0  0 0 0 0  0 0 0 0  0 0 0 0  0 0 0 0  0 0 0 0  0 0 0 0  0 0 0 0  0 0 0 0  0 0 0 0  0 0 0 0  0 0 0 0  0 0 0 0  0 0 0 0  0 0 0 0  0 0 0 0  0 0 0 0  0 0 0 0  0 0 0 0  0 0 0 0  0 0 0 0  0 0 0 0  0 0 0 0  0 0 0 0  0 0 0 0  0 0 0 0  0 0 0 0  0 0 0 0  0 0 0 0  0 0 0 0  0 0 0 0  0 0 0 0  0 0 0 0  0 0 0 0  0 0 0 0  0 0 0 0  0 0 0 0  0 0 0 0  0 0 0 0  0 0 0 0  0 0 0 0  0 0 0 0  0 0 0 0  0 0 0 0  0 0 0 0  0 0 0 0  0 0 0 0  0 0 0 0  0 0 0 0  0 0 0 0  0 0 0 0  0 0 0 0  0 0 0 0  0 0 0 0  0 0 0 0  0 0 0 0  0 0 0 0  0 0 0 0  0 0 0 0  0 0 0 0  0 0 0 0  0 0 0 0  0 0 0 0  0 0 0 0  0 0 0 0  0 0 0 0  0 0 0 0  0 0 0 0  0 0 0 0  0 0 0 0  0 0 0 0  0 0 0 0  0 0 0 0  0 0 0 0  0 0 0 0  0 0 0 0  0 0 0 0  0 0 0 0  0 0 0 0  
0 0 0 0  0 0 0 0  0 0 0 0  0 0 0 0  0 0 0 0  0 0 0 0  0 0 0 0  0 0 0 0  0 0 0 0  0 0 0 0  0 0 0 0  0 0 0 0  0 0 0 0  0 0 0 0  0 0 0 0  0 0 0 0  0 0 0 0  0 0 0 0  0 0 0 0  0 0 0 0  0 0 0 0  0 0 0 0  0 0 0 0  0 0 0 0  0 0 0 0  0 0 0 0  0 0 0 0  0 0 0 0  0 0 0 0  0 0 0 0  0 0 0 0  0 0 0 0  0 0 0 0  0 0 0 0  0 0 0 0  0 0 0 0  0 0 0 0  0 0 0 0  0 0 0 0  0 0 0 0  0 0 0 0  0 0 0 0  0 0 0 0  0 0 0 0  0 0 0 0  0 0 0 0  0 0 0 0  0 0 0 0  0 0 0 0  0 0 0 0  0 0 0 0  0 0 0 0  0 0 0 0  0 0 0 0  0 0 0 0  0 0 0 0  0 0 0 0  0 0 0 0  0 0 0 0  0 0 0 0  0 0 0 0  0 0 0 0  0 0 0 0  0 0 0 0  0 0 0 0  0 0 0 0  0 0 0 0  0 0 0 0  0 0 0 0  0 0 0 0  0 0 0 0  0 0 0 0  0 0 0 0  0 0 0 0  0 0 0 0  0 0 0 0  0 0 0 0  0 0 0 0  0 0 0 0  0 0 0 0  0 0 0 0  0 0 0 0  0 0 0 0  0 0 0 0  
0 0 0 0  0 0 0 0  0 0 0 0  0 0 0 0  0 0 0 0  0 0 0 0  0 0 0 0  0 0 0 0  0 0 0 0  0 0 0 0  0 0 0 0  0 0 0 0  0 0 0 0  0 0 0 0  0 0 0 0  0 0 0 0  0 0 0 0  0 0 0 0  0 0 0 0  0 0 0 0  0 0 0 0  0 0 0 0  0 0 0 0  0 0 0 0  0 0 0 0  0 0 0 0  0 0 0 0  0 0 0 0  0 0 0 0  0 0 0 0  0 0 0 0  0 0 0 0  0 0 0 0  0 0 0 0  0 0 0 0  0 0 0 0  0 0 0 0  0 0 0 0  0 0 0 0  0 0 0 0  0 0 0 0  0 0 0 0  0 0 0 0  0 0 0 0  0 0 0 0  0 0 0 0  0 0 0 0  0 0 0 0  0 0 0 0  0 0 0 0  0 0 0 0  0 0 0 0  0 0 0 0  0 0 0 0  0 0 0 0  0 0 0 0  0 0 0 0  0 0 0 0  0 0 0 0  0 0 0 0  0 0 0 0  0 0 0 0  0 0 0 0  0 0 0 0  0 0 0 0  0 0 0 0  0 0 0 0  0 0 0 0  0 0 0 0  0 0 0 0  0 0 0 0  0 0 0 0  0 0 0 0  0 0 0 0  0 0 0 0  0 0 0 0  0 0 0 0  0 0 0 0  0 0 0 0  0 0 0 0  0 0 0 0  0 0 0 0  0 0 0 0  0 0 0 0  
0 0 0 0  0 0 0 0  0 0 0 0  0 0 0 0  0 0 0 0  0 0 0 0  0 0 0 0  0 0 0 0  0 0 0 0  0 0 0 0  0 0 0 0  0 0 0 0  0 0 0 0  0 0 0 0  0 0 0 0  0 0 0 0  0 0 0 0  0 0 0 0  0 0 0 0  0 0 0 0  0 0 0 0  0 0 0 0  0 0 0 0  0 0 0 0  0 0 0 0  0 0 0 0  0 0 0 0  0 0 0 0  0 0 0 0  0 0 0 0  0 0 0 0  0 0 0 0  0 0 0 0  0 0 0 0  0 0 0 0  0 0 0 0  0 0 0 0  0 0 0 0  0 0 0 0  0 0 0 0  0 0 0 0  0 0 0 0  0 0 0 0  0 0 0 0  0 0 0 0  0 0 0 0  0 0 0 0  0 0 0 0  0 0 0 0  0 0 0 0  0 0 0 0  0 0 0 0  0 0 0 0  0 0 0 0  0 0 0 0  0 0 0 0  0 0 0 0  0 0 0 0  0 0 0 0  0 0 0 0  0 0 0 0  0 0 0 0  0 0 0 0  0 0 0 0  0 0 0 0  0 0 0 0  0 0 0 0  0 0 0 0  0 0 0 0  0 0 0 0  0 0 0 0  0 0 0 0  0 0 0 0  0 0 0 0  0 0 0 0  0 0 0 0  0 0 0 0  0 0 0 0  0 0 0 0  0 0 0 0  0 0 0 0  0 0 0 0  0 0 0 0  0 0 0 0  
