10
0.000991821
2
* 1000
. 1
36 84

####################################################################################
#                                                                                  #
#                                                                                  #
#                                                                                  #
#                                                                                  #
#                                                                                  #
#                                       ....  ...                                  #
#..............#            #           .........                                  #
#..............#            #           .........                                  #
#..............#            #           .........                                  #
#**************#            #             .   .                                    #
#**************#            #                                                      #
#************..#            #                                                      #
#..............#            #                                                    * #
#..............#............#                                              ********#
#..............#............#                                           ***********#
#..............#............#                                         **        ** #
#..............#............#                                                      #
#..............#............#                                                      #
#..............#............#                                                      #
#..............#............#                                                      #
#..............#............#           **** ..                                    #
#..............#............################ .. .                #                 #
#...........................#....................................#                 #
#...........................#....................................#                 #
#...........................#...............*****................#                 #
##################################################################                 #
#                                                                                  #
#                                                                                  #
#                                                                                  #
#                                                                                  #
#                                                                                  #
#                                                                                  #
#                                                                                  #
#                                                                                  #
####################################################################################
OLD
0 0 0 0 0 0 0 0 0 0 0 0 0 0 0 0 0 0 0 0 0 0 0 0 0 0 0 0 0 0 0 0 0 0 0 0 0 0 0 0 0 0 0 0 0 0 0 0 0 0 0 0 0 0 0 0 0 0 0 0 0 0 0 0 0 0 0 0 0 0 0 0 0 0 0 0 0 0 0 0 0 0 0 0 
0 7.03497e+07 7.04859e+07 7.07608e+07 7.118e+07 7.17515e+07 7.24858e+07 7.33964e+07 7.44995e+07 7.58146e+07 7.73643e+07 7.91742e+07 8.12715e+07 8.36828e+07 8.64291e+07 8.95228e+07 9.29701e+07 9.67861e+07 1.01009e+08 1.057e+08 1.10942e+08 1.16827e+08 1.23458e+08 1.30936e+08 1.39352e+08 1.48765e+08 1.59173e+08 1.70467e+08 1.82403e+08 1.94627e+08 2.06781e+08 2.18623e+08 2.30051e+08 2.41075e+08 2.51775e+08 2.62275e+08 2.72722e+08 2.83278e+08 2.94123e+08 3.05447e+08 3.17449e+08 3.30322e+08 3.44244e+08 3.59376e+08 3.7586e+08 3.93822e+08 4.13369e+08 4.34564e+08 4.57427e+08 4.81932e+08 5.08051e+08 5.35753e+08 5.65031e+08 5.9588e+08 6.28309e+08 6.62316e+08 6.97897e+08 7.35025e+08 7.73662e+08 8.13737e+08 8.55153e+08 8.97786e+08 9.41462e+08 9.85999e+08 1.03114e+09 1.07665e+09 1.12218e+09 1.16748e+09 1.21211e+09 1.25582e+09 1.29813e+09 1.3388e+09 1.37737e+09 1.41362e+09 1.44715e+09 1.47776e+09 1.50513e+09 1.52909e+09 1.5494e+09 1.56589e+09 1.57841e+09 1.58682e+09 1.59105e+09 0 
0 7.03376e+07 7.04726e+07 7.07454e+07 7.11613e+07 7.17283e+07 7.24571e+07 7.33607e+07 7.44553e+07 7.57601e+07 7.72979e+07 7.90956e+07 8.1183e+07 8.35909e+07 8.63438e+07 8.94504e+07 9.29016e+07 9.6698e+07 1.00875e+08 1.05501e+08 1.10662e+08 1.16458e+08 1.22998e+08 1.30395e+08 1.38759e+08 1.48183e+08 1.58705e+08 1.70248e+08 1.82547e+08 1.95136e+08 2.07542e+08 2.19498e+08 2.3093e+08 2.41891e+08 2.5249e+08 2.6287e+08 2.73183e+08 2.83595e+08 2.94287e+08 3.05457e+08 3.17314e+08 3.30061e+08 3.43881e+08 3.58934e+08 3.75358e+08 3.93288e+08 4.12845e+08 4.34104e+08 4.57068e+08 4.81694e+08 5.0792e+08 5.35724e+08 5.65085e+08 5.96021e+08 6.28527e+08 6.62627e+08 6.98304e+08 7.35553e+08 7.74325e+08 8.14559e+08 8.56165e+08 8.98999e+08 9.42931e+08 9.8771e+08 1.03318e+09 1.07895e+09 1.12488e+09 1.17044e+09 1.21551e+09 1.25946e+09 1.30222e+09 1.34309e+09 1.38207e+09 1.41848e+09 1.45235e+09 1.48309e+09 1.51071e+09 1.53481e+09 1.55527e+09 1.5719e+09 1.5845e+09 1.59301e+09 1.59727e+09 0 
0 7.03136e+07 7.04464e+07 7.07147e+07 7.1124e+07 7.16824e+07 7.24001e+07 7.32899e+07 7.43674e+07 7.56512e+07 7.71642e+07 7.89347e+07 8.09982e+07 8.3396e+07 8.61657e+07 8.9314e+07 9.27881e+07 9.65476e+07 1.0063e+08 1.05118e+08 1.10112e+08 1.15723e+08 1.22069e+08 1.29282e+08 1.3751e+08 1.46914e+08 1.57632e+08 1.69695e+08 1.82831e+08 1.96263e+08 2.09198e+08 2.2135e+08 2.32752e+08 2.43556e+08 2.53936e+08 2.64066e+08 2.74109e+08 2.84231e+08 2.94612e+08 3.0546e+08 3.17016e+08 3.29508e+08 3.43126e+08 3.58024e+08 3.74322e+08 3.92169e+08 4.1174e+08 4.33132e+08 4.56335e+08 4.8121e+08 5.07672e+08 5.35664e+08 5.65202e+08 5.96285e+08 6.2896e+08 6.63223e+08 6.99106e+08 7.36578e+08 7.75624e+08 8.16178e+08 8.58143e+08 9.01421e+08 9.458e+08 9.91164e+08 1.03715e+09 1.08365e+09 1.13012e+09 1.17653e+09 1.22212e+09 1.26697e+09 1.31018e+09 1.35192e+09 1.39126e+09 1.42843e+09 1.46259e+09 1.49391e+09 1.52181e+09 1.54628e+09 1.56705e+09 1.58388e+09 1.59677e+09 1.60536e+09 1.60974e+09 0 
0 7.02798e+07 7.0409e+07 7.06704e+07 7.10698e+07 7.16153e+07 7.23168e+07 7.31866e+07 7.42389e+07 7.54908e+07 7.69638e+07 7.86867e+07 8.07012e+07 8.30697e+07 8.5869e+07 8.91328e+07 9.26909e+07 9.63953e+07 1.00317e+08 1.04582e+08 1.09313e+08 1.1463e+08 1.2066e+08 1.27551e+08 1.35492e+08 1.4474e+08 1.55629e+08 1.6849e+08 1.83243e+08 1.9832e+08 2.12075e+08 2.24402e+08 2.35636e+08 2.46123e+08 2.56134e+08 2.65874e+08 2.75511e+08 2.85197e+08 2.95095e+08 3.05424e+08 3.165e+08 3.28598e+08 3.41918e+08 3.56605e+08 3.72694e+08 3.90359e+08 4.09915e+08 4.31542e+08 4.55189e+08 4.80507e+08 5.07315e+08 5.35601e+08 5.65363e+08 5.96679e+08 6.29562e+08 6.64087e+08 7.00242e+08 7.38061e+08 7.77502e+08 8.18523e+08 8.61053e+08 9.04936e+08 9.50088e+08 9.96184e+08 1.04316e+09 1.09049e+09 1.13816e+09 1.18539e+09 1.23233e+09 1.27793e+09 1.32251e+09 1.36487e+09 1.40546e+09 1.44312e+09 1.47826e+09 1.51002e+09 1.53858e+09 1.56354e+09 1.58467e+09 1.60206e+09 1.61508e+09 1.62408e+09 1.62849e+09 0 
0 7.02393e+07 7.03633e+07 7.06151e+07 7.10011e+07 7.15296e+07 7.22104e+07 7.30546e+07 7.40748e+07 7.52852e+07 7.67025e+07 7.83501e+07 8.02695e+07 8.255e+07 8.53661e+07 8.89387e+07 9.27523e+07 9.63503e+07 1.00004e+08 1.03936e+08 1.08297e+08 1.13207e+08 1.18782e+08 1.25167e+08 1.32571e+08 1.41336e+08 1.52068e+08 1.65812e+08 1.83751e+08 2.02122e+08 2.1681e+08 2.28984e+08 2.39717e+08 2.49634e+08 2.59089e+08 2.68297e+08 2.77405e+08 2.86523e+08 2.95758e+08 3.05291e+08 3.15663e+08 3.27216e+08 3.40152e+08 3.54654e+08 3.70436e+08 3.87666e+08 4.07117e+08 4.29091e+08 4.53636e+08 4.7963e+08 5.06924e+08 5.35539e+08 5.65596e+08 5.97151e+08 6.30324e+08 6.65135e+08 7.01669e+08 7.39909e+08 7.79875e+08 8.2152e+08 8.64759e+08 9.09528e+08 9.55577e+08 1.00286e+09 1.0509e+09 1.09972e+09 1.14854e+09 1.19752e+09 1.24556e+09 1.29304e+09 1.33857e+09 1.38274e+09 1.42407e+09 1.46324e+09 1.499e+09 1.5318e+09 1.56101e+09 1.58652e+09 1.60848e+09 1.62605e+09 1.63994e+09 1.64895e+09 1.65375e+09 0 
0 7.01967e+07 7.03131e+07 7.05518e+07 7.09206e+07 7.14282e+07 7.20842e+07 7.2899e+07 7.38829e+07 7.50461e+07 7.63969e+07 7.79411e+07 7.96912e+07 8.17271e+07 8.43608e+07 8.87855e+07 9.33392e+07 9.65816e+07 9.97596e+07 1.03223e+08 1.07108e+08 1.11502e+08 1.16487e+08 1.22164e+08 1.28694e+08 1.36376e+08 1.45907e+08 1.59355e+08 1.8424e+08 2.10022e+08 2.24474e+08 2.35432e+08 2.4505e+08 2.54057e+08 2.62759e+08 2.71315e+08 2.79811e+08 2.88284e+08 2.96711e+08 3.04949e+08 3.14322e+08 3.25179e+08 3.37601e+08 3.52276e+08 3.67648e+08 3.83747e+08 4.02852e+08 4.25223e+08 4.5185e+08 4.78787e+08 5.06581e+08 5.35553e+08 5.65863e+08 5.97704e+08 6.31146e+08 6.66327e+08 7.03263e+08 7.42036e+08 7.82626e+08 8.25022e+08 8.69185e+08 9.14956e+08 9.62304e+08 1.01084e+09 1.06059e+09 1.11083e+09 1.16175e+09 1.21221e+09 1.26261e+09 1.31144e+09 1.35938e+09 1.40465e+09 1.44813e+09 1.48816e+09 1.52548e+09 1.55908e+09 1.58912e+09 1.61566e+09 1.63785e+09 1.6568e+09 1.67058e+09 1.68074e+09 1.68544e+09 0 
0 7.01591e+07 7.02633e+07 7.0484e+07 7.08311e+07 7.13138e+07 7.19418e+07 7.27248e+07 7.36722e+07 7.47907e+07 7.60803e+07 7.75211e+07 7.9035e+07 8.05293e+07 8.18091e+07 0 9.55585e+07 9.72194e+07 9.95869e+07 1.02456e+08 1.0579e+08 1.09596e+08 1.13894e+08 1.18712e+08 1.24075e+08 1.29977e+08 1.36244e+08 1.41876e+08 0 2.29652e+08 2.3603e+08 2.43625e+08 2.51411e+08 2.59213e+08 2.67025e+08 2.74864e+08 2.82737e+08 2.90617e+08 2.98416e+08 3.05945e+08 3.14615e+08 3.24755e+08 3.36486e+08 3.50021e+08 3.65028e+08 3.81598e+08 4.00828e+08 4.23528e+08 4.50965e+08 4.78347e+08 5.06463e+08 5.35641e+08 5.66185e+08 5.98235e+08 6.31994e+08 6.67516e+08 7.04943e+08 7.44284e+08 7.85606e+08 8.28896e+08 8.7409e+08 9.21178e+08 9.69883e+08 1.02024e+09 1.07165e+09 1.12425e+09 1.177e+09 1.23027e+09 1.28249e+09 1.33436e+09 1.38385e+09 1.43202e+09 1.47671e+09 1.51902e+09 1.55732e+09 1.5922e+09 1.62331e+09 1.65019e+09 1.67408e+09 1.69276e+09 1.70876e+09 1.71851e+09 1.72433e+09 0 
0 7.07573e+07 7.08512e+07 7.10536e+07 7.13763e+07 7.18296e+07 7.24232e+07 7.31658e+07 7.40638e+07 7.5118e+07 7.63151e+07 7.76108e+07 7.88961e+07 8.0011e+07 8.07555e+07 0 9.64657e+07 9.75081e+07 9.92796e+07 1.01601e+08 1.04386e+08 1.0759e+08 1.11182e+08 1.1512e+08 1.19326e+08 1.23628e+08 1.27631e+08 1.30443e+08 0 2.43277e+08 2.46745e+08 2.52007e+08 2.58149e+08 2.64767e+08 2.71686e+08 2.78825e+08 2.86127e+08 2.9353e+08 3.00922e+08 3.081e+08 3.16368e+08 3.26099e+08 3.37393e+08 3.50408e+08 3.65038e+08 3.81558e+08 4.00739e+08 4.23474e+08 4.50935e+08 4.78447e+08 5.06578e+08 5.35831e+08 5.66453e+08 5.9871e+08 6.32702e+08 6.68623e+08 7.06515e+08 7.46513e+08 7.88632e+08 8.32906e+08 8.79348e+08 9.27813e+08 9.78343e+08 1.03049e+09 1.08439e+09 1.13914e+09 1.19504e+09 1.2506e+09 1.30645e+09 1.36044e+09 1.41366e+09 1.46352e+09 1.51144e+09 1.55503e+09 1.59542e+09 1.6313e+09 1.663e+09 1.69149e+09 1.71501e+09 1.73676e+09 1.75193e+09 1.76478e+09 1.77016e+09 0 
0 7.13486e+07 7.14347e+07 7.16218e+07 7.19226e+07 7.23482e+07 7.2908e+07 7.36093e+07 7.44555e+07 7.54413e+07 7.65447e+07 7.7713e+07 7.88456e+07 7.97895e+07 8.03354e+07 0 9.66977e+07 9.74388e+07 9.88001e+07 1.00667e+08 1.02954e+08 1.05595e+08 1.08527e+08 1.11668e+08 1.14893e+08 1.17995e+08 1.20625e+08 1.22242e+08 0 2.53782e+08 2.56017e+08 2.59866e+08 2.64778e+08 2.704e+08 2.76527e+08 2.83038e+08 2.89859e+08 2.96922e+08 3.04143e+08 3.11349e+08 3.19718e+08 3.29259e+08 3.40313e+08 3.53357e+08 3.67828e+08 3.84076e+08 4.03078e+08 4.25654e+08 4.5226e+08 4.79104e+08 5.06905e+08 5.35976e+08 5.66611e+08 5.9894e+08 6.3319e+08 6.69431e+08 7.0785e+08 7.48494e+08 7.9148e+08 8.36852e+08 8.84595e+08 9.34769e+08 9.87111e+08 1.04174e+09 1.09798e+09 1.15606e+09 1.2147e+09 1.27438e+09 1.33301e+09 1.39156e+09 1.44714e+09 1.50132e+09 1.55099e+09 1.59804e+09 1.63919e+09 1.67658e+09 1.70909e+09 1.73716e+09 1.76378e+09 1.78437e+09 1.80484e+09 1.81665e+09 1.82479e+09 0 
0 7.19717e+07 7.20659e+07 7.22621e+07 7.25701e+07 7.29988e+07 7.35559e+07 7.4245e+07 7.50636e+07 7.59981e+07 7.70151e+07 7.80542e+07 7.90205e+07 7.97867e+07 8.02156e+07 0 9.65682e+07 9.71318e+07 9.8202e+07 9.97044e+07 1.01565e+08 1.03713e+08 1.06071e+08 1.08543e+08 1.10999e+08 1.13254e+08 1.1505e+08 1.16079e+08 0 2.6237e+08 2.63998e+08 2.6699e+08 2.71034e+08 2.75879e+08 2.81349e+08 2.87332e+08 2.93759e+08 3.00595e+08 3.07844e+08 3.15608e+08 3.24338e+08 3.33701e+08 3.45367e+08 3.5847e+08 3.72842e+08 3.8847e+08 4.08133e+08 4.3012e+08 4.54392e+08 4.79999e+08 5.07157e+08 5.35945e+08 5.6643e+08 5.98829e+08 6.33219e+08 6.69817e+08 7.08691e+08 7.50027e+08 7.93897e+08 8.40401e+08 8.89632e+08 9.41506e+08 9.96158e+08 1.05316e+09 1.11272e+09 1.17384e+09 1.2369e+09 1.30003e+09 1.36396e+09 1.42576e+09 1.48681e+09 1.54343e+09 1.59835e+09 1.64584e+09 1.69113e+09 1.72852e+09 1.76009e+09 1.7893e+09 1.81458e+09 1.84152e+09 1.86053e+09 1.8791e+09 1.88709e+09 0 
0 7.2731e+08 7.27408e+08 7.2761e+08 7.27921e+08 7.2835e+08 7.28902e+08 7.29577e+08 7.30369e+08 7.31257e+08 7.32204e+08 7.33149e+08 7.34003e+08 7.34663e+08 7.35025e+08 0 9.62645e+07 9.67094e+07 9.75662e+07 9.87818e+07 1.00293e+08 1.02029e+08 1.03912e+08 1.0585e+08 1.07726e+08 1.0939e+08 1.10665e+08 1.11368e+08 0 2.6962e+08 2.7091e+08 2.73361e+08 2.76798e+08 2.81053e+08 2.85996e+08 2.91538e+08 2.97629e+08 3.04258e+08 3.11466e+08 3.19365e+08 3.2818e+08 3.38062e+08 3.49589e+08 3.62307e+08 3.76674e+08 3.92876e+08 4.1174e+08 4.32559e+08 4.55588e+08 4.80404e+08 5.07027e+08 5.35433e+08 5.65778e+08 5.98117e+08 6.32668e+08 6.69507e+08 7.0886e+08 7.50823e+08 7.95587e+08 8.43277e+08 8.93969e+08 9.47836e+08 1.0047e+09 1.0648e+09 1.12747e+09 1.19305e+09 1.26006e+09 1.32902e+09 1.39724e+09 1.46565e+09 1.53021e+09 1.59371e+09 1.6493e+09 1.70473e+09 1.75023e+09 1.78615e+09 1.81934e+09 1.84269e+09 1.87197e+09 1.89745e+09 1.92694e+09 1.94893e+09 1.95789e+09 0 
0 1.38265e+09 1.38275e+09 1.38295e+09 1.38326e+09 1.38367e+09 1.38418e+09 1.38473e+09 1.38523e+09 1.38538e+09 1.38446e+09 1.3806e+09 1.36901e+09 1.33726e+09 1.30969e+09 0 9.59125e+07 9.6273e+07 9.6972e+07 9.79675e+07 9.92019e+07 1.00608e+08 1.02114e+08 1.03638e+08 1.05084e+08 1.06339e+08 1.07277e+08 1.07784e+08 0 2.75841e+08 2.76922e+08 2.79016e+08 2.82021e+08 2.85829e+08 2.9035e+08 2.9552e+08 3.01307e+08 3.07716e+08 3.14794e+08 3.22645e+08 3.31419e+08 3.413e+08 3.52518e+08 3.65126e+08 3.79332e+08 3.9538e+08 4.13524e+08 4.33711e+08 4.55924e+08 4.80107e+08 5.06194e+08 5.34278e+08 5.64377e+08 5.96681e+08 6.31259e+08 6.6835e+08 7.08058e+08 7.50635e+08 7.96231e+08 8.45051e+08 8.97307e+08 9.53052e+08 1.01257e+09 1.07556e+09 1.14238e+09 1.21209e+09 1.28509e+09 1.35928e+09 1.4351e+09 1.50863e+09 1.58142e+09 1.64732e+09 1.71277e+09 1.76909e+09 1.81403e+09 1.85661e+09 1.90558e+09 1.90266e+09 1.92418e+09 1.96023e+09 1.99915e+09 2.10187e+09 2.03028e+09 0 
0 1.73118e+09 1.73009e+09 1.72808e+09 1.72523e+09 1.72153e+09 1.71678e+09 1.71057e+09 1.70195e+09 1.68892e+09 1.66684e+09 1.62412e+09 1.52853e+09 1.28053e+09 1.20717e+09 0 9.56018e+07 9.5901e+07 9.64861e+07 9.73217e+07 9.83505e+07 9.9501e+07 1.00714e+08 1.01924e+08 1.03057e+08 1.04028e+08 1.04748e+08 1.05135e+08 0 2.81211e+08 2.82153e+08 2.84e+08 2.8669e+08 2.90153e+08 2.9433e+08 2.99177e+08 3.04678e+08 3.10842e+08 3.1772e+08 3.25394e+08 3.33995e+08 3.43668e+08 3.54595e+08 3.66906e+08 3.80804e+08 3.96458e+08 4.14063e+08 4.33638e+08 4.55251e+08 4.78852e+08 5.04509e+08 5.3221e+08 5.62108e+08 5.94251e+08 6.28865e+08 6.66052e+08 7.06086e+08 7.49132e+08 7.95478e+08 8.45369e+08 8.99038e+08 9.56821e+08 1.01876e+09 1.08527e+09 1.15595e+09 1.23126e+09 1.3099e+09 1.39218e+09 1.47499e+09 1.5583e+09 1.63671e+09 1.71296e+09 1.77931e+09 1.84192e+09 1.90476e+09 2.00599e+09 1.95216e+09 1.9922e+09 1.97683e+09 2.01882e+09 2.10828e+09 2.11882e+09 2.12603e+09 0 
0 1.42562e+09 1.42338e+09 1.41927e+09 1.41347e+09 1.40599e+09 1.39665e+09 1.38489e+09 1.36967e+09 1.34897e+09 1.31914e+09 1.27392e+09 1.20448e+09 1.10983e+09 1.06621e+09 0 9.53969e+07 9.56488e+07 9.61573e+07 9.68929e+07 9.77904e+07 9.87481e+07 9.97361e+07 1.00711e+08 1.01618e+08 1.02396e+08 1.02979e+08 1.03303e+08 0 2.85839e+08 2.86684e+08 2.88352e+08 2.90802e+08 2.93992e+08 2.97881e+08 3.02443e+08 3.07664e+08 3.13563e+08 3.20178e+08 3.27587e+08 3.35891e+08 3.45232e+08 3.55758e+08 3.67653e+08 3.81086e+08 3.96264e+08 4.13312e+08 4.32355e+08 4.53405e+08 4.7654e+08 5.01742e+08 5.29129e+08 5.58725e+08 5.90726e+08 6.25217e+08 6.62467e+08 7.02636e+08 7.46051e+08 7.92968e+08 8.4374e+08 8.98747e+08 9.58286e+08 1.02286e+09 1.09254e+09 1.16791e+09 1.24848e+09 1.33479e+09 1.42513e+09 1.51919e+09 1.61212e+09 1.70219e+09 1.78575e+09 1.85735e+09 1.94887e+09 1.99235e+09 2.04919e+09 2.08606e+09 2.01037e+09 2.02144e+09 2.06016e+09 2.24846e+09 2.42981e+09 2.24171e+09 0 
0 1.18313e+09 1.18007e+09 1.17446e+09 1.16662e+09 1.15667e+09 1.14455e+09 1.12992e+09 1.11211e+09 1.09002e+09 1.06212e+09 1.02678e+09 9.84101e+08 9.40966e+08 9.18318e+08 0 9.57504e+07 9.59595e+07 9.63882e+07 9.70133e+07 9.77762e+07 9.85802e+07 9.93878e+07 1.0017e+08 1.00889e+08 1.01504e+08 1.01966e+08 1.02224e+08 0 2.89797e+08 2.90569e+08 2.921e+08 2.94365e+08 2.97333e+08 3.00977e+08 3.05277e+08 3.10228e+08 3.15838e+08 3.22147e+08 3.29209e+08 3.37123e+08 3.46001e+08 3.56014e+08 3.67335e+08 3.80192e+08 3.94772e+08 4.11268e+08 4.29755e+08 4.50331e+08 4.7299e+08 4.9782e+08 5.24823e+08 5.54155e+08 5.85873e+08 6.20218e+08 6.57329e+08 6.9753e+08 7.41067e+08 7.88344e+08 8.39756e+08 8.9576e+08 9.56935e+08 1.0237e+09 1.09678e+09 1.17635e+09 1.26318e+09 1.35693e+09 1.45826e+09 1.56497e+09 1.67391e+09 1.77555e+09 1.88149e+09 1.9349e+09 1.97109e+09 2.11021e+09 2.42129e+09 2.50699e+09 2.58277e+09 2.62601e+09 2.71821e+09 2.812e+09 2.99074e+09 2.98203e+09 0 
0 9.91988e+08 9.88355e+08 9.8174e+08 9.72587e+08 9.61168e+08 9.47594e+08 9.31827e+08 9.13686e+08 8.92907e+08 8.69314e+08 8.43271e+08 8.16603e+08 7.93821e+08 7.817e+08 0 9.60721e+07 9.62453e+07 9.66075e+07 9.714e+07 9.77952e+07 9.84995e+07 9.91899e+07 9.98448e+07 1.00439e+08 1.00941e+08 1.01318e+08 1.01529e+08 0 2.93129e+08 2.93846e+08 2.95272e+08 2.97387e+08 3.00171e+08 3.03602e+08 3.07664e+08 3.12349e+08 3.17663e+08 3.23625e+08 3.30285e+08 3.37708e+08 3.46015e+08 3.55353e+08 3.6595e+08 3.78052e+08 3.91948e+08 4.07813e+08 4.25787e+08 4.45878e+08 4.68148e+08 4.92571e+08 5.19249e+08 5.48208e+08 5.79641e+08 6.13654e+08 6.50538e+08 6.90507e+08 7.33959e+08 7.81262e+08 8.32939e+08 8.89585e+08 9.51843e+08 1.02057e+09 1.0964e+09 1.18032e+09 1.27271e+09 1.37478e+09 1.48732e+09 1.61218e+09 1.74528e+09 1.8508e+09 2.03771e+09 2.39056e+09 2.58803e+09 2.6492e+09 2.83189e+09 2.97899e+09 3.0417e+09 3.18112e+09 3.29907e+09 3.4167e+09 3.49006e+09 3.5298e+09 0 
0 8.42519e+08 8.3851e+08 8.31244e+08 8.21279e+08 8.09021e+08 7.94761e+08 7.78707e+08 7.61044e+08 7.42012e+08 7.2207e+08 7.02137e+08 6.83889e+08 6.6984e+08 6.62548e+08 0 9.67366e+07 9.6808e+07 9.69921e+07 9.73509e+07 9.78766e+07 9.84835e+07 9.9098e+07 9.96677e+07 1.00175e+08 1.00601e+08 1.00917e+08 1.01094e+08 0 2.95867e+08 2.96542e+08 2.97884e+08 2.99879e+08 3.0251e+08 3.05758e+08 3.09604e+08 3.14038e+08 3.19051e+08 3.24651e+08 3.30856e+08 3.37718e+08 3.45316e+08 3.53815e+08 3.63452e+08 3.74598e+08 3.87636e+08 4.02846e+08 4.20287e+08 4.39986e+08 4.6187e+08 4.85969e+08 5.12259e+08 5.40871e+08 5.71869e+08 6.05492e+08 6.41906e+08 6.81465e+08 7.24479e+08 7.71447e+08 8.22912e+08 8.79587e+08 9.42371e+08 1.01223e+09 1.0904e+09 1.17778e+09 1.27543e+09 1.38412e+09 1.50715e+09 1.65312e+09 1.84738e+09 2.17793e+09 2.34554e+09 2.36439e+09 2.47212e+09 2.60191e+09 2.69516e+09 2.81573e+09 2.9358e+09 3.06664e+09 3.24011e+09 3.51303e+09 3.58557e+09 3.43126e+09 0 
0 7.26798e+08 7.22538e+08 7.14846e+08 7.04366e+08 6.91608e+08 6.76989e+08 6.60885e+08 6.43684e+08 6.25869e+08 6.08112e+08 5.91389e+08 5.77028e+08 5.66569e+08 5.61253e+08 0 9.7853e+07 9.77969e+07 9.77696e+07 9.78541e+07 9.81199e+07 9.85673e+07 9.90841e+07 9.95934e+07 1.00039e+08 1.00408e+08 1.00681e+08 1.00833e+08 0 2.98035e+08 2.98677e+08 2.99954e+08 3.01853e+08 3.0436e+08 3.07453e+08 3.11113e+08 3.15316e+08 3.20046e+08 3.25282e+08 3.31016e+08 3.37249e+08 3.44027e+08 3.5146e+08 3.59832e+08 3.69647e+08 3.8164e+08 3.96133e+08 4.1314e+08 4.32504e+08 4.54131e+08 4.77906e+08 5.03871e+08 5.32038e+08 5.62579e+08 5.95614e+08 6.31429e+08 6.70263e+08 7.12536e+08 7.58684e+08 8.09348e+08 8.65326e+08 9.27666e+08 9.97769e+08 1.07718e+09 1.16752e+09 1.26935e+09 1.38189e+09 1.50639e+09 1.64833e+09 1.81685e+09 2.01383e+09 2.16074e+09 2.25049e+09 2.35688e+09 2.46451e+09 2.57398e+09 2.68207e+09 2.79225e+09 2.91569e+09 3.04482e+09 3.18771e+09 3.23957e+09 3.2244e+09 0 
0 6.38349e+08 6.33914e+08 6.25924e+08 6.15081e+08 6.0196e+08 5.87053e+08 5.70817e+08 5.53726e+08 5.36334e+08 5.1934e+08 5.0365e+08 4.90386e+08 4.80778e+08 4.75843e+08 0 9.96808e+07 9.93732e+07 9.89925e+07 9.87239e+07 9.86543e+07 9.88267e+07 9.91784e+07 9.95914e+07 9.99872e+07 1.00315e+08 1.00555e+08 1.00689e+08 0 2.99648e+08 3.00265e+08 3.01494e+08 3.03322e+08 3.05732e+08 3.08704e+08 3.1221e+08 3.16222e+08 3.20702e+08 3.25609e+08 3.30887e+08 3.36483e+08 3.42343e+08 3.4848e+08 3.55092e+08 3.62911e+08 3.73539e+08 3.87398e+08 4.04124e+08 4.23379e+08 4.44849e+08 4.68421e+08 4.94028e+08 5.21768e+08 5.51713e+08 5.84082e+08 6.1905e+08 6.56942e+08 6.98068e+08 7.42924e+08 7.9209e+08 8.46423e+08 9.07129e+08 9.75933e+08 1.0553e+09 1.148e+09 1.25512e+09 1.37038e+09 1.49078e+09 1.6199e+09 1.75973e+09 1.90546e+09 2.03155e+09 2.13764e+09 2.23718e+09 2.3413e+09 2.44101e+09 2.54202e+09 2.64382e+09 2.74378e+09 2.84507e+09 2.93295e+09 2.9859e+09 2.9962e+09 0 
0 5.71913e+08 5.67345e+08 5.59124e+08 5.47987e+08 5.3454e+08 5.19303e+08 5.02754e+08 4.85369e+08 4.67676e+08 4.50307e+08 4.34062e+08 4.19962e+08 4.09286e+08 4.03458e+08 0 1.02717e+08 1.01879e+08 1.00843e+08 9.99975e+07 9.94788e+07 9.92905e+07 9.94135e+07 9.96837e+07 9.99971e+07 1.00284e+08 1.005e+08 1.00619e+08 0 3.00717e+08 3.01318e+08 3.02514e+08 3.04294e+08 3.06639e+08 3.09525e+08 3.12924e+08 3.16795e+08 3.21088e+08 3.25735e+08 3.30641e+08 3.3567e+08 3.40636e+08 3.45292e+08 3.49461e+08 3.53688e+08 3.62604e+08 3.76193e+08 3.93078e+08 4.12534e+08 4.34091e+08 4.57521e+08 4.82832e+08 5.10062e+08 5.39375e+08 5.70902e+08 6.04889e+08 6.41546e+08 6.81217e+08 7.24259e+08 7.71221e+08 8.22835e+08 8.80278e+08 9.45542e+08 1.02218e+09 1.11642e+09 1.23534e+09 1.35631e+09 1.46973e+09 1.58305e+09 1.70048e+09 1.81812e+09 1.92904e+09 2.02951e+09 2.12666e+09 2.22016e+09 2.31373e+09 2.40449e+09 2.49285e+09 2.57877e+09 2.65644e+09 2.72354e+09 2.76539e+09 2.78418e+09 0 
0 5.23231e+08 5.18557e+08 5.10145e+08 4.98749e+08 4.84983e+08 4.69365e+08 4.52351e+08 4.3437e+08 4.15865e+08 3.97332e+08 3.79395e+08 3.62922e+08 3.4928e+08 3.4079e+08 0 1.0793e+08 1.0584e+08 1.0355e+08 1.01764e+08 1.00598e+08 9.99797e+07 9.97985e+07 9.98864e+07 1.00084e+08 1.00304e+08 1.00487e+08 1.00594e+08 0 3.01251e+08 3.01844e+08 3.03023e+08 3.04778e+08 3.07089e+08 3.09933e+08 3.13274e+08 3.17071e+08 3.21262e+08 3.25765e+08 3.30453e+08 3.3513e+08 3.39465e+08 3.42854e+08 3.44047e+08 3.40092e+08 3.47318e+08 3.62086e+08 3.79858e+08 4.00087e+08 4.21963e+08 4.45371e+08 4.70352e+08 4.9706e+08 5.25619e+08 5.56228e+08 5.89042e+08 6.24297e+08 6.622e+08 7.03047e+08 7.47158e+08 7.95015e+08 8.47357e+08 9.05647e+08 9.73532e+08 1.06247e+09 1.21601e+09 1.35289e+09 1.4514e+09 1.54606e+09 1.64306e+09 1.74216e+09 1.83824e+09 1.93116e+09 2.01979e+09 2.10688e+09 2.19077e+09 2.27225e+09 2.35007e+09 2.42194e+09 2.48691e+09 2.53855e+09 2.57459e+09 2.59143e+09 0 
0 4.88868e+08 4.84109e+08 4.75539e+08 4.63917e+08 4.49852e+08 4.33843e+08 4.16307e+08 3.97602e+08 3.78053e+08 3.57974e+08 3.37696e+08 3.17662e+08 2.98761e+08 2.83772e+08 0 1.17436e+08 1.11937e+08 1.07252e+08 1.04019e+08 1.01982e+08 1.00825e+08 1.00296e+08 1.00181e+08 1.00247e+08 1.00381e+08 1.00514e+08 1.00598e+08 0 0 0 0 0 0 0 0 0 0 0 0 0 0 0 0 3.1703e+08 3.27751e+08 3.45293e+08 3.6457e+08 3.86396e+08 4.08804e+08 4.32162e+08 4.56779e+08 4.82861e+08 5.10608e+08 5.40171e+08 5.7173e+08 6.05423e+08 6.41415e+08 6.7982e+08 7.20747e+08 7.64218e+08 8.10127e+08 8.57954e+08 9.05788e+08 9.46076e+08 0 1.39071e+09 1.44065e+09 1.50941e+09 1.58817e+09 1.67119e+09 1.75589e+09 1.83866e+09 1.92028e+09 1.99875e+09 2.07514e+09 2.14762e+09 2.21574e+09 2.27799e+09 2.33169e+09 2.37508e+09 2.40448e+09 2.41952e+09 0 
0 4.66054e+08 4.6123e+08 4.52538e+08 4.40735e+08 4.26421e+08 4.10072e+08 3.92063e+08 3.72687e+08 3.5216e+08 3.30615e+08 3.08062e+08 2.84242e+08 2.58127e+08 2.2608e+08 1.74493e+08 1.3657e+08 1.20298e+08 1.11615e+08 1.06528e+08 1.03499e+08 1.01764e+08 1.00876e+08 1.0054e+08 1.00469e+08 1.00511e+08 1.00585e+08 1.00639e+08 0 1.2897e+08 1.29296e+08 1.30029e+08 1.31267e+08 1.33133e+08 1.35779e+08 1.39393e+08 1.44206e+08 1.5051e+08 1.58664e+08 1.69121e+08 1.82443e+08 1.99338e+08 2.20691e+08 2.48036e+08 2.85642e+08 3.08519e+08 3.29897e+08 3.51419e+08 3.72508e+08 3.95104e+08 4.18191e+08 4.42272e+08 4.67632e+08 4.94458e+08 5.22917e+08 5.53137e+08 5.85236e+08 6.19274e+08 6.55263e+08 6.93078e+08 7.32401e+08 7.72514e+08 8.11915e+08 8.47376e+08 8.71866e+08 0 1.38218e+09 1.41428e+09 1.46707e+09 1.53184e+09 1.6036e+09 1.67774e+09 1.75281e+09 1.82613e+09 1.89802e+09 1.96647e+09 2.0316e+09 2.09165e+09 2.14558e+09 2.19176e+09 2.22808e+09 2.25329e+09 2.26598e+09 0 
0 4.52547e+08 4.47681e+08 4.38907e+08 4.26981e+08 4.12494e+08 3.95904e+08 3.77557e+08 3.57701e+08 3.36487e+08 3.13964e+08 2.90052e+08 2.64481e+08 2.36694e+08 2.05795e+08 1.71586e+08 1.43289e+08 1.25711e+08 1.15129e+08 1.08744e+08 1.04918e+08 1.02692e+08 1.01493e+08 1.00939e+08 1.00729e+08 1.00681e+08 1.00696e+08 1.00718e+08 0 1.29626e+08 1.29952e+08 1.30684e+08 1.31922e+08 1.33789e+08 1.36434e+08 1.40047e+08 1.44859e+08 1.51159e+08 1.59304e+08 1.69731e+08 1.82973e+08 1.9964e+08 2.20355e+08 2.45492e+08 2.73775e+08 2.9862e+08 3.21474e+08 3.43214e+08 3.64211e+08 3.85913e+08 4.08465e+08 4.32054e+08 4.56849e+08 4.83004e+08 5.10646e+08 5.39889e+08 5.70797e+08 6.03379e+08 6.37531e+08 6.72974e+08 7.09129e+08 7.4492e+08 7.78443e+08 8.06463e+08 8.23844e+08 0 1.34525e+09 1.37134e+09 1.4162e+09 1.47317e+09 1.53673e+09 1.6039e+09 1.67152e+09 1.73884e+09 1.80375e+09 1.86617e+09 1.92439e+09 1.97795e+09 2.02532e+09 2.06537e+09 2.0968e+09 2.11834e+09 2.12933e+09 0 
0 4.46533e+08 4.41646e+08 4.32832e+08 4.20847e+08 4.06275e+08 3.89567e+08 3.71053e+08 3.50963e+08 3.29422e+08 3.06458e+08 2.82004e+08 2.55924e+08 2.28134e+08 1.98974e+08 1.70108e+08 1.4575e+08 1.28511e+08 1.17304e+08 1.10298e+08 1.06029e+08 1.03509e+08 1.02093e+08 1.01355e+08 1.0101e+08 1.00875e+08 1.00835e+08 1.0083e+08 0 1.30281e+08 1.30607e+08 1.3134e+08 1.32578e+08 1.34444e+08 1.37089e+08 1.407e+08 1.45509e+08 1.51801e+08 1.59926e+08 1.70314e+08 1.83476e+08 2.00019e+08 2.20655e+08 2.46327e+08 2.72368e+08 2.9696e+08 3.19915e+08 3.41334e+08 3.60988e+08 3.82038e+08 4.04232e+08 4.27553e+08 4.52083e+08 4.77932e+08 5.05214e+08 5.3402e+08 5.64399e+08 5.96325e+08 6.2965e+08 6.64019e+08 6.9875e+08 7.32637e+08 7.6369e+08 7.88844e+08 8.0385e+08 0 1.28633e+09 1.31349e+09 1.35766e+09 1.41159e+09 1.47114e+09 1.53305e+09 1.5958e+09 1.65735e+09 1.71721e+09 1.77379e+09 1.82674e+09 1.87465e+09 1.91686e+09 1.95217e+09 1.97967e+09 1.99851e+09 2.00807e+09 0 
0 0 0 0 0 0 0 0 0 0 0 0 0 0 0 0 0 0 0 0 0 0 0 0 0 0 0 0 0 0 0 0 0 0 0 0 0 0 0 0 0 0 0 0 0 0 0 0 0 0 0 0 0 0 0 0 0 0 0 0 0 0 0 0 0 0 1.20445e+09 1.24305e+09 1.29345e+09 1.34908e+09 1.40718e+09 1.4664e+09 1.52516e+09 1.58278e+09 1.63794e+09 1.69021e+09 1.73838e+09 1.78197e+09 1.81989e+09 1.85151e+09 1.87596e+09 1.89265e+09 1.90111e+09 0 
0 239749 248329 265732 292447 329226 377090 437357 511661 601988 710713 840639 995055 1.17779e+06 1.39327e+06 1.64661e+06 1.94368e+06 2.29122e+06 2.69689e+06 3.16946e+06 3.71884e+06 4.35632e+06 5.09462e+06 5.9481e+06 6.93295e+06 8.06731e+06 9.37155e+06 1.08684e+07 1.25833e+07 1.45446e+07 1.67835e+07 1.9335e+07 2.22375e+07 2.55336e+07 2.92699e+07 3.34979e+07 3.82738e+07 4.3659e+07 4.97206e+07 5.65314e+07 6.41704e+07 7.27231e+07 8.22815e+07 9.29451e+07 1.0482e+08 1.18022e+08 1.32671e+08 1.48897e+08 1.66838e+08 1.8664e+08 2.08458e+08 2.32455e+08 2.58805e+08 2.87693e+08 3.19315e+08 3.53887e+08 3.91643e+08 4.32849e+08 4.77813e+08 5.2691e+08 5.80619e+08 6.39591e+08 7.04778e+08 7.77699e+08 8.61055e+08 9.60313e+08 1.0884e+09 1.16515e+09 1.22865e+09 1.28843e+09 1.34699e+09 1.40449e+09 1.46076e+09 1.515e+09 1.56678e+09 1.61518e+09 1.65977e+09 1.69964e+09 1.73427e+09 1.76288e+09 1.78496e+09 1.79996e+09 1.80756e+09 0 
0 240396 248976 266379 293094 329873 377737 438004 512308 602635 711360 841286 995702 1.17843e+06 1.39391e+06 1.64726e+06 1.94433e+06 2.29186e+06 2.69754e+06 3.1701e+06 3.71949e+06 4.35697e+06 5.09526e+06 5.94875e+06 6.93359e+06 8.06796e+06 9.3722e+06 1.08691e+07 1.2584e+07 1.45452e+07 1.67842e+07 1.93357e+07 2.22382e+07 2.55342e+07 2.92706e+07 3.34985e+07 3.82744e+07 4.36596e+07 4.97212e+07 5.65319e+07 6.41707e+07 7.2723e+07 8.2281e+07 9.2944e+07 1.04819e+08 1.18019e+08 1.32666e+08 1.4889e+08 1.66827e+08 1.86624e+08 2.08433e+08 2.32418e+08 2.58751e+08 2.87612e+08 3.19195e+08 3.53709e+08 3.91379e+08 4.32454e+08 4.7722e+08 5.26011e+08 5.79236e+08 6.37413e+08 7.01226e+08 7.71577e+08 8.49572e+08 9.35985e+08 1.02819e+09 1.10513e+09 1.17211e+09 1.23381e+09 1.29243e+09 1.34884e+09 1.40303e+09 1.45484e+09 1.5037e+09 1.54922e+09 1.59073e+09 1.62777e+09 1.65967e+09 1.68597e+09 1.70615e+09 1.71985e+09 1.72677e+09 0 
0 241043 249623 267026 293741 330520 378384 438651 512955 603282 712007 841933 996349 1.17908e+06 1.39456e+06 1.6479e+06 1.94498e+06 2.29251e+06 2.69819e+06 3.17075e+06 3.72014e+06 4.35761e+06 5.09591e+06 5.9494e+06 6.93424e+06 8.06861e+06 9.37285e+06 1.08697e+07 1.25846e+07 1.45459e+07 1.67848e+07 1.93363e+07 2.22388e+07 2.55349e+07 2.92712e+07 3.34992e+07 3.8275e+07 4.36602e+07 4.97216e+07 5.65321e+07 6.41704e+07 7.27222e+07 8.22794e+07 9.29414e+07 1.04814e+08 1.18012e+08 1.32656e+08 1.48875e+08 1.66806e+08 1.86592e+08 2.08387e+08 2.3235e+08 2.58649e+08 2.87462e+08 3.18974e+08 3.53382e+08 3.90893e+08 4.31733e+08 4.76142e+08 5.24392e+08 5.7678e+08 6.3364e+08 6.95322e+08 7.62135e+08 8.34106e+08 9.10392e+08 9.87872e+08 1.05971e+09 1.12563e+09 1.18702e+09 1.24505e+09 1.30026e+09 1.35283e+09 1.40257e+09 1.44922e+09 1.49233e+09 1.53149e+09 1.56619e+09 1.596e+09 1.62045e+09 1.63918e+09 1.65184e+09 1.65823e+09 0 
0 241690 250270 267673 294388 331167 379031 439298 513602 603929 712654 842580 996996 1.17973e+06 1.39521e+06 1.64855e+06 1.94562e+06 2.29316e+06 2.69883e+06 3.1714e+06 3.72078e+06 4.35826e+06 5.09656e+06 5.95004e+06 6.93489e+06 8.06925e+06 9.3735e+06 1.08704e+07 1.25853e+07 1.45465e+07 1.67855e+07 1.9337e+07 2.22395e+07 2.55355e+07 2.92718e+07 3.34998e+07 3.82756e+07 4.36606e+07 4.97219e+07 5.6532e+07 6.41698e+07 7.27208e+07 8.22771e+07 9.29378e+07 1.04809e+08 1.18004e+08 1.32644e+08 1.48856e+08 1.66778e+08 1.86551e+08 2.08326e+08 2.3226e+08 2.58517e+08 2.87266e+08 3.18686e+08 3.52956e+08 3.90266e+08 4.30805e+08 4.74769e+08 5.2235e+08 5.73738e+08 6.29087e+08 6.88489e+08 7.51865e+08 8.18793e+08 8.88168e+08 9.57861e+08 1.02497e+09 1.0885e+09 1.14854e+09 1.20544e+09 1.25943e+09 1.31054e+09 1.35865e+09 1.40349e+09 1.44475e+09 1.48203e+09 1.51495e+09 1.5431e+09 1.56614e+09 1.58372e+09 1.5956e+09 1.60159e+09 0 
0 242337 250917 268320 295035 331814 379678 439945 514249 604576 713301 843227 997643 1.18037e+06 1.39586e+06 1.6492e+06 1.94627e+06 2.29381e+06 2.69948e+06 3.17204e+06 3.72143e+06 4.35891e+06 5.09721e+06 5.95069e+06 6.93554e+06 8.0699e+06 9.37414e+06 1.0871e+07 1.25859e+07 1.45472e+07 1.67861e+07 1.93376e+07 2.22401e+07 2.55362e+07 2.92725e+07 3.35004e+07 3.82761e+07 4.3661e+07 4.9722e+07 5.65317e+07 6.4169e+07 7.27193e+07 8.22745e+07 9.29337e+07 1.04803e+08 1.17995e+08 1.3263e+08 1.48836e+08 1.66748e+08 1.86506e+08 2.0826e+08 2.32163e+08 2.58373e+08 2.87056e+08 3.18376e+08 3.52501e+08 3.89595e+08 4.29819e+08 4.7332e+08 5.20225e+08 5.70622e+08 6.24538e+08 6.81886e+08 7.424e+08 8.05511e+08 8.70241e+08 9.3514e+08 9.98633e+08 1.05977e+09 1.1182e+09 1.17383e+09 1.22664e+09 1.27651e+09 1.3233e+09 1.36675e+09 1.40656e+09 1.44242e+09 1.47397e+09 1.50088e+09 1.52285e+09 1.53958e+09 1.55087e+09 1.55655e+09 0 
0 242984 251564 268967 295682 332461 380326 440593 514897 605224 713949 843875 998291 1.18102e+06 1.3965e+06 1.64984e+06 1.94692e+06 2.29445e+06 2.70013e+06 3.17269e+06 3.72208e+06 4.35956e+06 5.09785e+06 5.95134e+06 6.93618e+06 8.07055e+06 9.37479e+06 1.08717e+07 1.25866e+07 1.45478e+07 1.67868e+07 1.93382e+07 2.22408e+07 2.55368e+07 2.9273e+07 3.35009e+07 3.82765e+07 4.36612e+07 4.9722e+07 5.65313e+07 6.41681e+07 7.27177e+07 8.22721e+07 9.29299e+07 1.04797e+08 1.17986e+08 1.32617e+08 1.48817e+08 1.6672e+08 1.86465e+08 2.08199e+08 2.32073e+08 2.58242e+08 2.86862e+08 3.18091e+08 3.52083e+08 3.88983e+08 4.28924e+08 4.72015e+08 5.18328e+08 5.67883e+08 6.20614e+08 6.7634e+08 7.34702e+08 7.95126e+08 8.56771e+08 9.18595e+08 9.79513e+08 1.03873e+09 1.09573e+09 1.15023e+09 1.20202e+09 1.25091e+09 1.29668e+09 1.3391e+09 1.37786e+09 1.41268e+09 1.44325e+09 1.46928e+09 1.49047e+09 1.5066e+09 1.51746e+09 1.52293e+09 0 
0 243631 252211 269614 296329 333108 380973 441240 515544 605871 714596 844522 998938 1.18167e+06 1.39715e+06 1.65049e+06 1.94757e+06 2.2951e+06 2.70078e+06 3.17334e+06 3.72273e+06 4.3602e+06 5.0985e+06 5.95199e+06 6.93683e+06 8.0712e+06 9.37544e+06 1.08723e+07 1.25872e+07 1.45485e+07 1.67874e+07 1.93389e+07 2.22414e+07 2.55374e+07 2.92736e+07 3.35014e+07 3.82769e+07 4.36614e+07 4.97219e+07 5.6531e+07 6.41674e+07 7.27166e+07 8.22702e+07 9.2927e+07 1.04793e+08 1.17979e+08 1.32607e+08 1.48802e+08 1.66698e+08 1.86433e+08 2.08152e+08 2.32004e+08 2.58141e+08 2.86714e+08 3.17874e+08 3.51766e+08 3.8852e+08 4.28249e+08 4.71036e+08 5.16918e+08 5.65866e+08 6.17767e+08 6.72382e+08 7.29327e+08 7.88041e+08 8.47794e+08 9.07733e+08 9.67012e+08 1.02491e+09 1.08088e+09 1.13455e+09 1.18561e+09 1.23381e+09 1.2789e+09 1.32062e+09 1.3587e+09 1.39285e+09 1.42279e+09 1.44823e+09 1.46893e+09 1.48467e+09 1.49526e+09 1.50059e+09 0 
0 244279 252859 270262 296977 333756 381620 441887 516191 606518 715243 845169 999585 1.18232e+06 1.3978e+06 1.65114e+06 1.94821e+06 2.29575e+06 2.70142e+06 3.17399e+06 3.72337e+06 4.36085e+06 5.09915e+06 5.95263e+06 6.93748e+06 8.07184e+06 9.37608e+06 1.0873e+07 1.25879e+07 1.45491e+07 1.6788e+07 1.93395e+07 2.2242e+07 2.55379e+07 2.92741e+07 3.35018e+07 3.82772e+07 4.36616e+07 4.97219e+07 5.65308e+07 6.4167e+07 7.27159e+07 8.22692e+07 9.29254e+07 1.0479e+08 1.17976e+08 1.32602e+08 1.48795e+08 1.66686e+08 1.86416e+08 2.08127e+08 2.31967e+08 2.58087e+08 2.86634e+08 3.17758e+08 3.51595e+08 3.88271e+08 4.27887e+08 4.70513e+08 5.16167e+08 5.64801e+08 6.16274e+08 6.7033e+08 7.26573e+08 7.84458e+08 8.43304e+08 9.02347e+08 9.60823e+08 1.01806e+09 1.0735e+09 1.12673e+09 1.17741e+09 1.22526e+09 1.27e+09 1.31138e+09 1.34912e+09 1.38293e+09 1.41256e+09 1.43772e+09 1.45817e+09 1.47372e+09 1.48418e+09 1.48944e+09 0 
0 0 0 0 0 0 0 0 0 0 0 0 0 0 0 0 0 0 0 0 0 0 0 0 0 0 0 0 0 0 0 0 0 0 0 0 0 0 0 0 0 0 0 0 0 0 0 0 0 0 0 0 0 0 0 0 0 0 0 0 0 0 0 0 0 0 0 0 0 0 0 0 0 0 0 0 0 0 0 0 0 0 0 0 
4 4 4 4 4 4 4 4 4 4 4 4 4 4 4 4 4 4 4 4 4 4 4 4 4 4 4 4 4 4 4 4 4 4 4 4 4 4 4 4 4 4 4 4 4 4 4 4 4 4 4 4 4 4 4 4 4 4 4 4 4 4 4 4 4 4 4 4 4 4 4 4 4 4 4 4 4 4 4 4 4 4 4 4 
4 4 4 4 4 4 4 4 4 4 4 4 4 4 4 4 4 4 4 4 4 4 4 4 4 4 4 4 4 4 4 4 4 4 4 4 4 4 4 4 4 4 4 4 4 4 4 4 4 4 4 4 4 4 4 4 4 4 4 4 4 4 4 4 4 4 4 4 4 4 4 4 4 4 4 4 4 4 4 4 4 4 4 4 
4 4 4 4 4 4 4 4 4 4 4 4 4 4 4 4 4 4 4 4 4 4 4 4 4 4 4 4 4 4 4 4 4 4 4 4 4 4 4 4 4 4 4 4 4 4 4 4 4 4 4 4 4 4 4 4 4 4 4 4 4 4 4 4 4 4 4 4 4 4 4 4 4 4 4 4 4 4 4 4 4 4 4 4 
4 4 4 4 4 4 4 4 4 4 4 4 4 4 4 4 4 4 4 4 4 4 4 4 4 4 4 4 4 4 4 4 4 4 4 4 4 4 4 4 4 4 4 4 4 4 4 4 4 4 4 4 4 4 4 4 4 4 4 4 4 4 4 4 4 4 4 4 4 4 4 4 4 4 4 4 4 4 4 4 4 4 4 4 
4 4 4 4 4 4 4 4 4 4 4 4 4 4 4 4 4 4 4 4 4 4 4 4 4 4 4 4 4 4 4 4 4 4 4 4 4 4 4 4 4 4 4 4 4 4 4 4 4 4 4 4 4 4 4 4 4 4 4 4 4 4 4 4 4 4 4 4 4 4 4 4 4 4 4 4 4 4 4 4 4 4 4 4 
4 4 4 4 4 4 4 4 4 4 4 4 4 4 4 4 4 4 4 4 4 4 4 4 4 4 4 4 4 4 4 4 4 4 4 4 4 4 4 4 4 4 4 4 4 4 4 4 4 4 4 4 4 4 4 4 4 4 4 4 4 4 4 4 4 4 4 4 4 4 4 4 4 4 4 4 4 4 4 4 4 4 4 4 
4 4 4 4 4 4 4 4 4 4 4 4 4 4 4 4 4 4 4 4 4 4 4 4 4 4 4 4 4 4 4 4 4 4 4 4 4 4 4 4 4 4 4 4 4 4 4 4 4 4 4 4 4 4 4 4 4 4 4 4 4 4 4 4 4 4 4 4 4 4 4 4 4 4 4 4 4 4 4 4 4 4 4 4 
4 4 4 4 4 4 4 4 4 4 4 4 4 4 4 4 4 4 4 4 4 4 4 4 4 4 4 4 4 4 4 4 4 4 4 4 4 4 4 4 4 4 4 4 4 4 4 4 4 4 4 4 4 4 4 4 4 4 4 4 4 4 4 4 4 4 4 4 4 4 4 4 4 4 4 4 4 4 4 4 4 4 4 4 
4 4 4 4 4 4 4 4 4 4 4 4 4 4 4 4 4 4 4 4 4 4 4 4 4 4 4 4 4 4 4 4 4 4 4 4 4 4 4 4 4 4 4 4 4 4 4 4 4 4 4 4 4 4 4 4 4 4 4 4 4 4 4 4 4 4 4 4 4 4 4 4 4 4 4 4 4 4 4 4 4 4 4 4 
4 4 4 4 4 4 4 4 4 4 4 4 4 4 4 4 4 4 4 4 4 4 4 4 4 4 4 4 4 4 4 4 4 4 4 4 4 4 4 4 4 4 4 4 4 4 4 4 4 4 4 4 4 4 4 4 4 4 4 4 4 4 4 4 4 4 4 4 4 4 4 4 4 4 4 4 4 4 4 4 4 4 4 4 
4 4 4 4 4 4 4 4 4 4 4 4 4 4 4 4 4 4 4 4 4 4 4 4 4 4 4 4 4 4 4 4 4 4 4 4 4 4 4 4 4 4 4 4 4 4 4 4 4 4 4 4 4 4 4 4 4 4 4 4 4 4 4 4 4 4 4 4 4 4 4 4 4 4 4 4 4 4 4 4 4 4 4 4 
4 4 4 4 4 4 4 4 4 4 4 4 4 4 4 4 4 4 4 4 4 4 4 4 4 4 4 4 4 4 4 4 4 4 4 4 4 4 4 4 4 4 4 4 4 4 4 4 4 4 4 4 4 4 4 4 4 4 4 4 4 4 4 4 4 4 4 4 4 4 4 4 4 4 4 4 4 4 4 4 4 4 4 4 
4 4 4 4 4 4 4 4 4 4 4 4 4 4 4 4 4 4 4 4 4 4 4 4 4 4 4 4 4 4 4 4 4 4 4 4 4 4 4 4 4 4 4 4 4 4 4 4 4 4 4 4 4 4 4 4 4 4 4 4 4 4 4 4 4 4 4 4 4 4 4 4 4 4 4 4 4 4 4 4 4 4 4 4 
4 4 4 4 4 4 4 4 4 4 4 4 4 4 4 4 4 4 4 4 4 4 4 4 4 4 4 4 4 4 4 4 4 4 4 4 4 4 4 4 4 4 4 4 4 4 4 4 4 4 4 4 4 4 4 4 4 4 4 4 4 4 4 4 4 4 4 4 4 4 4 4 4 4 4 4 4 4 4 4 4 4 4 4 
4 4 4 4 4 4 4 4 4 4 4 4 4 4 4 4 4 4 4 4 4 4 4 4 4 4 4 4 4 4 4 4 4 4 4 4 4 4 4 4 4 4 4 4 4 4 4 4 4 4 4 4 4 4 4 4 4 4 4 4 4 4 4 4 4 4 4 4 4 4 4 4 4 4 4 4 4 4 4 4 4 4 4 4 
4 4 4 4 4 4 4 4 4 4 4 4 4 4 4 4 4 4 4 4 4 4 4 4 4 4 4 4 4 4 4 4 4 4 4 4 4 4 4 4 4 4 4 4 4 4 4 4 4 4 4 4 4 4 4 4 4 4 4 4 4 4 4 4 4 4 4 4 4 4 4 4 4 4 4 4 4 4 4 4 4 4 4 4 
4 4 4 4 4 4 4 4 4 4 4 4 4 4 4 4 4 4 4 4 4 4 4 4 4 4 4 4 4 4 4 4 4 4 4 4 4 4 4 4 4 4 4 4 4 4 4 4 4 4 4 4 4 4 4 4 4 4 4 4 4 4 4 4 4 4 4 4 4 4 4 4 4 4 4 4 4 4 4 4 4 4 4 4 
4 4 4 4 4 4 4 4 4 4 4 4 4 4 4 4 4 4 4 4 4 4 4 4 4 4 4 4 4 4 4 4 4 4 4 4 4 4 4 4 4 4 4 4 4 4 4 4 4 4 4 4 4 4 4 4 4 4 4 4 4 4 4 4 4 4 4 4 4 4 4 4 4 4 4 4 4 4 4 4 4 4 4 4 
4 4 4 4 4 4 4 4 4 4 4 4 4 4 4 4 4 4 4 4 4 4 4 4 4 4 4 4 4 4 4 4 4 4 4 4 4 4 4 4 4 4 4 4 4 4 4 4 4 4 4 4 4 4 4 4 4 4 4 4 4 4 4 4 4 4 4 4 4 4 4 4 4 4 4 4 4 4 4 4 4 4 4 4 
4 4 4 4 4 4 4 4 4 4 4 4 4 4 4 4 4 4 4 4 4 4 4 4 4 4 4 4 4 4 4 4 4 4 4 4 4 4 4 4 4 4 4 4 4 4 4 4 4 4 4 4 4 4 4 4 4 4 4 4 4 4 4 4 4 4 4 4 4 4 4 4 4 4 4 4 4 4 4 4 4 4 4 4 
4 4 4 4 4 4 4 4 4 4 4 4 4 4 4 4 4 4 4 4 4 4 4 4 4 4 4 4 4 4 4 4 4 4 4 4 4 4 4 4 4 4 4 4 4 4 4 4 4 4 4 4 4 4 4 4 4 4 4 4 4 4 4 4 4 4 4 4 4 4 4 4 4 4 4 4 4 4 4 4 4 4 4 4 
4 4 4 4 4 4 4 4 4 4 4 4 4 4 4 4 4 4 4 4 4 4 4 4 4 4 4 4 4 4 4 4 4 4 4 4 4 4 4 4 4 4 4 4 4 4 4 4 4 4 4 4 4 4 4 4 4 4 4 4 4 4 4 4 4 4 4 4 4 4 4 4 4 4 4 4 4 4 4 4 4 4 4 4 
4 4 4 4 4 4 4 4 4 4 4 4 4 4 4 4 4 4 4 4 4 4 4 4 4 4 4 4 4 4 4 4 4 4 4 4 4 4 4 4 4 4 4 4 4 4 4 4 4 4 4 4 4 4 4 4 4 4 4 4 4 4 4 4 4 4 4 4 4 4 4 4 4 4 4 4 4 4 4 4 4 4 4 4 
4 4 4 4 4 4 4 4 4 4 4 4 4 4 4 4 4 4 4 4 4 4 4 4 4 4 4 4 4 4 4 4 4 4 4 4 4 4 4 4 4 4 4 4 4 4 4 4 4 4 4 4 4 4 4 4 4 4 4 4 4 4 4 4 4 4 4 4 4 4 4 4 4 4 4 4 4 4 4 4 4 4 4 4 
4 4 4 4 4 4 4 4 4 4 4 4 4 4 4 4 4 4 4 4 4 4 4 4 4 4 4 4 4 4 4 4 4 4 4 4 4 4 4 4 4 4 4 4 4 4 4 4 4 4 4 4 4 4 4 4 4 4 4 4 4 4 4 4 4 4 4 4 4 4 4 4 4 4 4 4 4 4 4 4 4 4 4 4 
4 4 4 4 4 4 4 4 4 4 4 4 4 4 4 4 4 4 4 4 4 4 4 4 4 4 4 4 4 4 4 4 4 4 4 4 4 4 4 4 4 4 4 4 4 4 4 4 4 4 4 4 4 4 4 4 4 4 4 4 4 4 4 4 4 4 4 4 4 4 4 4 4 4 4 4 4 4 4 4 4 4 4 4 
4 4 4 4 4 4 4 4 4 4 4 4 4 4 4 4 4 4 4 4 4 4 4 4 4 4 4 4 4 4 4 4 4 4 4 4 4 4 4 4 4 4 4 4 4 4 4 4 4 4 4 4 4 4 4 4 4 4 4 4 4 4 4 4 4 4 4 4 4 4 4 4 4 4 4 4 4 4 4 4 4 4 4 4 
4 4 4 4 4 4 4 4 4 4 4 4 4 4 4 4 4 4 4 4 4 4 4 4 4 4 4 4 4 4 4 4 4 4 4 4 4 4 4 4 4 4 4 4 4 4 4 4 4 4 4 4 4 4 4 4 4 4 4 4 4 4 4 4 4 4 4 4 4 4 4 4 4 4 4 4 4 4 4 4 4 4 4 4 
4 4 4 4 4 4 4 4 4 4 4 4 4 4 4 4 4 4 4 4 4 4 4 4 4 4 4 4 4 4 4 4 4 4 4 4 4 4 4 4 4 4 4 4 4 4 4 4 4 4 4 4 4 4 4 4 4 4 4 4 4 4 4 4 4 4 4 4 4 4 4 4 4 4 4 4 4 4 4 4 4 4 4 4 
4 4 4 4 4 4 4 4 4 4 4 4 4 4 4 4 4 4 4 4 4 4 4 4 4 4 4 4 4 4 4 4 4 4 4 4 4 4 4 4 4 4 4 4 4 4 4 4 4 4 4 4 4 4 4 4 4 4 4 4 4 4 4 4 4 4 4 4 4 4 4 4 4 4 4 4 4 4 4 4 4 4 4 4 
4 4 4 4 4 4 4 4 4 4 4 4 4 4 4 4 4 4 4 4 4 4 4 4 4 4 4 4 4 4 4 4 4 4 4 4 4 4 4 4 4 4 4 4 4 4 4 4 4 4 4 4 4 4 4 4 4 4 4 4 4 4 4 4 4 4 4 4 4 4 4 4 4 4 4 4 4 4 4 4 4 4 4 4 
4 4 4 4 4 4 4 4 4 4 4 4 4 4 4 4 4 4 4 4 4 4 4 4 4 4 4 4 4 4 4 4 4 4 4 4 4 4 4 4 4 4 4 4 4 4 4 4 4 4 4 4 4 4 4 4 4 4 4 4 4 4 4 4 4 4 4 4 4 4 4 4 4 4 4 4 4 4 4 4 4 4 4 4 
4 4 4 4 4 4 4 4 4 4 4 4 4 4 4 4 4 4 4 4 4 4 4 4 4 4 4 4 4 4 4 4 4 4 4 4 4 4 4 4 4 4 4 4 4 4 4 4 4 4 4 4 4 4 4 4 4 4 4 4 4 4 4 4 4 4 4 4 4 4 4 4 4 4 4 4 4 4 4 4 4 4 4 4 
4 4 4 4 4 4 4 4 4 4 4 4 4 4 4 4 4 4 4 4 4 4 4 4 4 4 4 4 4 4 4 4 4 4 4 4 4 4 4 4 4 4 4 4 4 4 4 4 4 4 4 4 4 4 4 4 4 4 4 4 4 4 4 4 4 4 4 4 4 4 4 4 4 4 4 4 4 4 4 4 4 4 4 4 
4 4 4 4 4 4 4 4 4 4 4 4 4 4 4 4 4 4 4 4 4 4 4 4 4 4 4 4 4 4 4 4 4 4 4 4 4 4 4 4 4 4 4 4 4 4 4 4 4 4 4 4 4 4 4 4 4 4 4 4 4 4 4 4 4 4 4 4 4 4 4 4 4 4 4 4 4 4 4 4 4 4 4 4 
4 4 4 4 4 4 4 4 4 4 4 4 4 4 4 4 4 4 4 4 4 4 4 4 4 4 4 4 4 4 4 4 4 4 4 4 4 4 4 4 4 4 4 4 4 4 4 4 4 4 4 4 4 4 4 4 4 4 4 4 4 4 4 4 4 4 4 4 4 4 4 4 4 4 4 4 4 4 4 4 4 4 4 4 
0 0 0 0 0 0 0 0 0 0 0 0 0 0 0 0 0 0 0 0 0 0 0 0 0 0 0 0 0 0 0 0 0 0 0 0 0 0 0 0 0 0 0 0 0 0 0 0 0 0 0 0 0 0 0 0 0 0 0 0 0 0 0 0 0 0 0 0 0 0 0 0 0 0 0 0 0 0 0 0 0 0 0 0 
0 29588 29588 29588 29588 29588 29588 29588 29588 29588 29588 29588 29588 29588 29588 29588 29588 29588 29588 29588 29588 29588 29588 29588 29588 29588 29588 29588 29588 29588 29588 29588 29588 29588 29588 29588 29588 29588 29588 29588 29588 29588 29588 29588 29588 29588 29588 29588 29588 29588 29588 29588 29588 29588 29588 29588 29588 29588 29588 29588 29588 29588 29588 29588 29588 29588 29588 29588 29588 29588 29588 29588 29588 29588 29588 29588 29588 29588 29588 29588 29588 29588 29588 0 
0 29588 29588 29588 29588 29588 29588 29588 29588 29588 29588 29588 29588 29588 29588 29588 29588 29588 29588 29588 29588 29588 29588 29588 29588 29588 29588 29588 29588 29588 29588 29588 29588 29588 29588 29588 29588 29588 29588 29588 29588 29588 29588 29588 29588 29588 29588 29588 29588 29588 29588 29588 29588 29588 29588 29588 29588 29588 29588 29588 29588 29588 29588 29588 29588 29588 29588 29588 29588 29588 29588 29588 29588 29588 29588 29588 29588 29588 29588 29588 29588 29588 29588 0 
0 29588 29588 29588 29588 29588 29588 29588 29588 29588 29588 29588 29588 29588 29588 29588 29588 29588 29588 29588 29588 29588 29588 29588 29588 29588 29588 29588 29588 29588 29588 29588 29588 29588 29588 29588 29588 29588 29588 29588 29588 29588 29588 29588 29588 29588 29588 29588 29588 29588 29588 29588 29588 29588 29588 29588 29588 29588 29588 29588 29588 29588 29588 29588 29588 29588 29588 29588 29588 29588 29588 29588 29588 29588 29588 29588 29588 29588 29588 29588 29588 29588 29588 0 
0 29588 29588 29588 29588 29588 29588 29588 29588 29588 29588 29588 29588 29588 29588 29588 29588 29588 29588 29588 29588 29588 29588 29588 29588 29588 29588 29588 29588 29588 29588 29588 29588 29588 29588 29588 29588 29588 29588 29588 29588 29588 29588 29588 29588 29588 29588 29588 29588 29588 29588 29588 29588 29588 29588 29588 29588 29588 29588 29588 29588 29588 29588 29588 29588 29588 29588 29588 29588 29588 29588 29588 29588 29588 29588 29588 29588 29588 29588 29588 29588 29588 29588 0 
0 29588 29588 29588 29588 29588 29588 29588 29588 29588 29588 29588 29588 29588 29588 29588 29588 29588 29588 29588 29588 29588 29588 29588 29588 29588 29588 29588 29588 29588 29588 29588 29588 29588 29588 29588 29588 29588 29588 29588 29588 29588 29588 29588 29588 29588 29588 29588 29588 29588 29588 29588 29588 29588 29588 29588 29588 29588 29588 29588 29588 29588 29588 29588 29588 29588 29588 29588 29588 29588 29588 29588 29588 29588 29588 29588 29588 29588 29588 29588 29588 29588 29588 0 
0 29588 29588 29588 29588 29588 29588 29588 29588 29588 29588 29588 29588 29588 29588 29588 29588 29588 29588 29588 29588 29588 29588 29588 29588 29588 29588 29588 29588 29588 29588 29588 29588 29588 29588 29588 29588 29588 29588 29588 29588 29588 29588 29588 29588 29588 29588 29588 29588 29588 29588 29588 29588 29588 29588 29588 29588 29588 29588 29588 29588 29588 29588 29588 29588 29588 29588 29588 29588 29588 29588 29588 29588 29588 29588 29588 29588 29588 29588 29588 29588 29588 29588 0 
0 29588 29588 29588 29588 29588 29588 29588 29588 29588 29588 29588 29588 29588 29588 0 29588 29588 29588 29588 29588 29588 29588 29588 29588 29588 29588 29588 0 29588 29588 29588 29588 29588 29588 29588 29588 29588 29588 29588 29588 29588 29588 29588 29588 29588 29588 29588 29588 29588 29588 29588 29588 29588 29588 29588 29588 29588 29588 29588 29588 29588 29588 29588 29588 29588 29588 29588 29588 29588 29588 29588 29588 29588 29588 29588 29588 29588 29588 29588 29588 29588 29588 0 
0 29588 29588 29588 29588 29588 29588 29588 29588 29588 29588 29588 29588 29588 29588 0 29588 29588 29588 29588 29588 29588 29588 29588 29588 29588 29588 29588 0 29588 29588 29588 29588 29588 29588 29588 29588 29588 29588 29588 29588 29588 29588 29588 29588 29588 29588 29588 29588 29588 29588 29588 29588 29588 29588 29588 29588 29588 29588 29588 29588 29588 29588 29588 29588 29588 29588 29588 29588 29588 29588 29588 29588 29588 29588 29588 29588 29588 29588 29588 29588 29588 29588 0 
0 29588 29588 29588 29588 29588 29588 29588 29588 29588 29588 29588 29588 29588 29588 0 29588 29588 29588 29588 29588 29588 29588 29588 29588 29588 29588 29588 0 29588 29588 29588 29588 29588 29588 29588 29588 29588 29588 29588 29588 29588 29588 29588 29588 29588 29588 29588 29588 29588 29588 29588 29588 29588 29588 29588 29588 29588 29588 29588 29588 29588 29588 29588 29588 29588 29588 29588 29588 29588 29588 29588 29588 29588 29588 29588 29588 29588 29588 29588 29588 29588 29588 0 
0 29588 29588 29588 29588 29588 29588 29588 29588 29588 29588 29588 29588 29588 29588 0 29588 29588 29588 29588 29588 29588 29588 29588 29588 29588 29588 29588 0 29588 29588 29588 29588 29588 29588 29588 29588 29588 29588 29588 29588 29588 29588 29588 29588 29588 29588 29588 29588 29588 29588 29588 29588 29588 29588 29588 29588 29588 29588 29588 29588 29588 29588 29588 29588 29588 29588 29588 29588 29588 29588 29588 29588 29588 29588 29588 29588 29588 29588 29588 29588 29588 29588 0 
0 29588 29588 29588 29588 29588 29588 29588 29588 29588 29588 29588 29588 29588 29588 0 29588 29588 29588 29588 29588 29588 29588 29588 29588 29588 29588 29588 0 29588 29588 29588 29588 29588 29588 29588 29588 29588 29588 29588 29588 29588 29588 29588 29588 29588 29588 29588 29588 29588 29588 29588 29588 29588 29588 29588 29588 29588 29588 29588 29588 29588 29588 29588 29588 29588 29588 29588 29588 29588 29588 29588 29588 29588 29588 29588 29588 29588 29588 29588 29588 29588 29588 0 
0 29588 29588 29588 29588 29588 29588 29588 29588 29588 29588 29588 29588 29588 29588 0 29588 29588 29588 29588 29588 29588 29588 29588 29588 29588 29588 29588 0 29588 29588 29588 29588 29588 29588 29588 29588 29588 29588 29588 29588 29588 29588 29588 29588 29588 29588 29588 29588 29588 29588 29588 29588 29588 29588 29588 29588 29588 29588 29588 29588 29588 29588 29588 29588 29588 29588 29588 29588 29588 29588 29588 29588 29588 29588 29588 29588 29588 29588 29588 29588 29588 29588 0 
0 29588 29588 29588 29588 29588 29588 29588 29588 29588 29588 29588 29588 29588 29588 0 29588 29588 29588 29588 29588 29588 29588 29588 29588 29588 29588 29588 0 29588 29588 29588 29588 29588 29588 29588 29588 29588 29588 29588 29588 29588 29588 29588 29588 29588 29588 29588 29588 29588 29588 29588 29588 29588 29588 29588 29588 29588 29588 29588 29588 29588 29588 29588 29588 29588 29588 29588 29588 29588 29588 29588 29588 29588 29588 29588 29588 29588 29588 29588 29588 29588 29588 0 
0 29588 29588 29588 29588 29588 29588 29588 29588 29588 29588 29588 29588 29588 29588 0 29588 29588 29588 29588 29588 29588 29588 29588 29588 29588 29588 29588 0 29588 29588 29588 29588 29588 29588 29588 29588 29588 29588 29588 29588 29588 29588 29588 29588 29588 29588 29588 29588 29588 29588 29588 29588 29588 29588 29588 29588 29588 29588 29588 29588 29588 29588 29588 29588 29588 29588 29588 29588 29588 29588 29588 29588 29588 29588 29588 29588 29588 29588 29588 29588 29588 29588 0 
0 29588 29588 29588 29588 29588 29588 29588 29588 29588 29588 29588 29588 29588 29588 0 29588 29588 29588 29588 29588 29588 29588 29588 29588 29588 29588 29588 0 29588 29588 29588 29588 29588 29588 29588 29588 29588 29588 29588 29588 29588 29588 29588 29588 29588 29588 29588 29588 29588 29588 29588 29588 29588 29588 29588 29588 29588 29588 29588 29588 29588 29588 29588 29588 29588 29588 29588 29588 29588 29588 29588 29588 29588 29588 29588 29588 29588 29588 29588 29588 29588 29588 0 
0 29588 29588 29588 29588 29588 29588 29588 29588 29588 29588 29588 29588 29588 29588 0 29588 29588 29588 29588 29588 29588 29588 29588 29588 29588 29588 29588 0 29588 29588 29588 29588 29588 29588 29588 29588 29588 29588 29588 29588 29588 29588 29588 29588 29588 29588 29588 29588 29588 29588 29588 29588 29588 29588 29588 29588 29588 29588 29588 29588 29588 29588 29588 29588 29588 29588 29588 29588 29588 29588 29588 29588 29588 29588 29588 29588 29588 29588 29588 29588 29588 29588 0 
0 29588 29588 29588 29588 29588 29588 29588 29588 29588 29588 29588 29588 29588 29588 0 29588 29588 29588 29588 29588 29588 29588 29588 29588 29588 29588 29588 0 29588 29588 29588 29588 29588 29588 29588 29588 29588 29588 29588 29588 29588 29588 29588 29588 29588 29588 29588 29588 29588 29588 29588 29588 29588 29588 29588 29588 29588 29588 29588 29588 29588 29588 29588 29588 29588 29588 29588 29588 29588 29588 29588 29588 29588 29588 29588 29588 29588 29588 29588 29588 29588 29588 0 
0 29588 29588 29588 29588 29588 29588 29588 29588 29588 29588 29588 29588 29588 29588 0 29588 29588 29588 29588 29588 29588 29588 29588 29588 29588 29588 29588 0 29588 29588 29588 29588 29588 29588 29588 29588 29588 29588 29588 29588 29588 29588 29588 29588 29588 29588 29588 29588 29588 29588 29588 29588 29588 29588 29588 29588 29588 29588 29588 29588 29588 29588 29588 29588 29588 29588 29588 29588 29588 29588 29588 29588 29588 29588 29588 29588 29588 29588 29588 29588 29588 29588 0 
0 29588 29588 29588 29588 29588 29588 29588 29588 29588 29588 29588 29588 29588 29588 0 29588 29588 29588 29588 29588 29588 29588 29588 29588 29588 29588 29588 0 29588 29588 29588 29588 29588 29588 29588 29588 29588 29588 29588 29588 29588 29588 29588 29588 29588 29588 29588 29588 29588 29588 29588 29588 29588 29588 29588 29588 29588 29588 29588 29588 29588 29588 29588 29588 29588 29588 29588 29588 29588 29588 29588 29588 29588 29588 29588 29588 29588 29588 29588 29588 29588 29588 0 
0 29588 29588 29588 29588 29588 29588 29588 29588 29588 29588 29588 29588 29588 29588 0 29588 29588 29588 29588 29588 29588 29588 29588 29588 29588 29588 29588 0 29588 29588 29588 29588 29588 29588 29588 29588 29588 29588 29588 29588 29588 29588 29588 29588 29588 29588 29588 29588 29588 29588 29588 29588 29588 29588 29588 29588 29588 29588 29588 29588 29588 29588 29588 29588 29588 29588 29588 29588 29588 29588 29588 29588 29588 29588 29588 29588 29588 29588 29588 29588 29588 29588 0 
0 29588 29588 29588 29588 29588 29588 29588 29588 29588 29588 29588 29588 29588 29588 0 29588 29588 29588 29588 29588 29588 29588 29588 29588 29588 29588 29588 0 29588 29588 29588 29588 29588 29588 29588 29588 29588 29588 29588 29588 29588 29588 29588 29588 29588 29588 29588 29588 29588 29588 29588 29588 29588 29588 29588 29588 29588 29588 29588 29588 29588 29588 29588 29588 29588 29588 29588 29588 29588 29588 29588 29588 29588 29588 29588 29588 29588 29588 29588 29588 29588 29588 0 
0 29588 29588 29588 29588 29588 29588 29588 29588 29588 29588 29588 29588 29588 29588 0 29588 29588 29588 29588 29588 29588 29588 29588 29588 29588 29588 29588 0 0 0 0 0 0 0 0 0 0 0 0 0 0 0 0 29588 29588 29588 29588 29588 29588 29588 29588 29588 29588 29588 29588 29588 29588 29588 29588 29588 29588 29588 29588 29588 0 29588 29588 29588 29588 29588 29588 29588 29588 29588 29588 29588 29588 29588 29588 29588 29588 29588 0 
0 29588 29588 29588 29588 29588 29588 29588 29588 29588 29588 29588 29588 29588 29588 29588 29588 29588 29588 29588 29588 29588 29588 29588 29588 29588 29588 29588 0 29588 29588 29588 29588 29588 29588 29588 29588 29588 29588 29588 29588 29588 29588 29588 29588 29588 29588 29588 29588 29588 29588 29588 29588 29588 29588 29588 29588 29588 29588 29588 29588 29588 29588 29588 29588 0 29588 29588 29588 29588 29588 29588 29588 29588 29588 29588 29588 29588 29588 29588 29588 29588 29588 0 
0 29588 29588 29588 29588 29588 29588 29588 29588 29588 29588 29588 29588 29588 29588 29588 29588 29588 29588 29588 29588 29588 29588 29588 29588 29588 29588 29588 0 29588 29588 29588 29588 29588 29588 29588 29588 29588 29588 29588 29588 29588 29588 29588 29588 29588 29588 29588 29588 29588 29588 29588 29588 29588 29588 29588 29588 29588 29588 29588 29588 29588 29588 29588 29588 0 29588 29588 29588 29588 29588 29588 29588 29588 29588 29588 29588 29588 29588 29588 29588 29588 29588 0 
0 29588 29588 29588 29588 29588 29588 29588 29588 29588 29588 29588 29588 29588 29588 29588 29588 29588 29588 29588 29588 29588 29588 29588 29588 29588 29588 29588 0 29588 29588 29588 29588 29588 29588 29588 29588 29588 29588 29588 29588 29588 29588 29588 29588 29588 29588 29588 29588 29588 29588 29588 29588 29588 29588 29588 29588 29588 29588 29588 29588 29588 29588 29588 29588 0 29588 29588 29588 29588 29588 29588 29588 29588 29588 29588 29588 29588 29588 29588 29588 29588 29588 0 
0 0 0 0 0 0 0 0 0 0 0 0 0 0 0 0 0 0 0 0 0 0 0 0 0 0 0 0 0 0 0 0 0 0 0 0 0 0 0 0 0 0 0 0 0 0 0 0 0 0 0 0 0 0 0 0 0 0 0 0 0 0 0 0 0 0 29588 29588 29588 29588 29588 29588 29588 29588 29588 29588 29588 29588 29588 29588 29588 29588 29588 0 
0 29588 29588 29588 29588 29588 29588 29588 29588 29588 29588 29588 29588 29588 29588 29588 29588 29588 29588 29588 29588 29588 29588 29588 29588 29588 29588 29588 29588 29588 29588 29588 29588 29588 29588 29588 29588 29588 29588 29588 29588 29588 29588 29588 29588 29588 29588 29588 29588 29588 29588 29588 29588 29588 29588 29588 29588 29588 29588 29588 29588 29588 29588 29588 29588 29588 29588 29588 29588 29588 29588 29588 29588 29588 29588 29588 29588 29588 29588 29588 29588 29588 29588 0 
0 29588 29588 29588 29588 29588 29588 29588 29588 29588 29588 29588 29588 29588 29588 29588 29588 29588 29588 29588 29588 29588 29588 29588 29588 29588 29588 29588 29588 29588 29588 29588 29588 29588 29588 29588 29588 29588 29588 29588 29588 29588 29588 29588 29588 29588 29588 29588 29588 29588 29588 29588 29588 29588 29588 29588 29588 29588 29588 29588 29588 29588 29588 29588 29588 29588 29588 29588 29588 29588 29588 29588 29588 29588 29588 29588 29588 29588 29588 29588 29588 29588 29588 0 
0 29588 29588 29588 29588 29588 29588 29588 29588 29588 29588 29588 29588 29588 29588 29588 29588 29588 29588 29588 29588 29588 29588 29588 29588 29588 29588 29588 29588 29588 29588 29588 29588 29588 29588 29588 29588 29588 29588 29588 29588 29588 29588 29588 29588 29588 29588 29588 29588 29588 29588 29588 29588 29588 29588 29588 29588 29588 29588 29588 29588 29588 29588 29588 29588 29588 29588 29588 29588 29588 29588 29588 29588 29588 29588 29588 29588 29588 29588 29588 29588 29588 29588 0 
0 29588 29588 29588 29588 29588 29588 29588 29588 29588 29588 29588 29588 29588 29588 29588 29588 29588 29588 29588 29588 29588 29588 29588 29588 29588 29588 29588 29588 29588 29588 29588 29588 29588 29588 29588 29588 29588 29588 29588 29588 29588 29588 29588 29588 29588 29588 29588 29588 29588 29588 29588 29588 29588 29588 29588 29588 29588 29588 29588 29588 29588 29588 29588 29588 29588 29588 29588 29588 29588 29588 29588 29588 29588 29588 29588 29588 29588 29588 29588 29588 29588 29588 0 
0 29588 29588 29588 29588 29588 29588 29588 29588 29588 29588 29588 29588 29588 29588 29588 29588 29588 29588 29588 29588 29588 29588 29588 29588 29588 29588 29588 29588 29588 29588 29588 29588 29588 29588 29588 29588 29588 29588 29588 29588 29588 29588 29588 29588 29588 29588 29588 29588 29588 29588 29588 29588 29588 29588 29588 29588 29588 29588 29588 29588 29588 29588 29588 29588 29588 29588 29588 29588 29588 29588 29588 29588 29588 29588 29588 29588 29588 29588 29588 29588 29588 29588 0 
0 29588 29588 29588 29588 29588 29588 29588 29588 29588 29588 29588 29588 29588 29588 29588 29588 29588 29588 29588 29588 29588 29588 29588 29588 29588 29588 29588 29588 29588 29588 29588 29588 29588 29588 29588 29588 29588 29588 29588 29588 29588 29588 29588 29588 29588 29588 29588 29588 29588 29588 29588 29588 29588 29588 29588 29588 29588 29588 29588 29588 29588 29588 29588 29588 29588 29588 29588 29588 29588 29588 29588 29588 29588 29588 29588 29588 29588 29588 29588 29588 29588 29588 0 
0 29588 29588 29588 29588 29588 29588 29588 29588 29588 29588 29588 29588 29588 29588 29588 29588 29588 29588 29588 29588 29588 29588 29588 29588 29588 29588 29588 29588 29588 29588 29588 29588 29588 29588 29588 29588 29588 29588 29588 29588 29588 29588 29588 29588 29588 29588 29588 29588 29588 29588 29588 29588 29588 29588 29588 29588 29588 29588 29588 29588 29588 29588 29588 29588 29588 29588 29588 29588 29588 29588 29588 29588 29588 29588 29588 29588 29588 29588 29588 29588 29588 29588 0 
0 29588 29588 29588 29588 29588 29588 29588 29588 29588 29588 29588 29588 29588 29588 29588 29588 29588 29588 29588 29588 29588 29588 29588 29588 29588 29588 29588 29588 29588 29588 29588 29588 29588 29588 29588 29588 29588 29588 29588 29588 29588 29588 29588 29588 29588 29588 29588 29588 29588 29588 29588 29588 29588 29588 29588 29588 29588 29588 29588 29588 29588 29588 29588 29588 29588 29588 29588 29588 29588 29588 29588 29588 29588 29588 29588 29588 29588 29588 29588 29588 29588 29588 0 
0 0 0 0 0 0 0 0 0 0 0 0 0 0 0 0 0 0 0 0 0 0 0 0 0 0 0 0 0 0 0 0 0 0 0 0 0 0 0 0 0 0 0 0 0 0 0 0 0 0 0 0 0 0 0 0 0 0 0 0 0 0 0 0 0 0 0 0 0 0 0 0 0 0 0 0 0 0 0 0 0 0 0 0 
0 0 0 0  0 0 0 0  0 0 0 0  0 0 0 0  0 0 0 0  0 0 0 0  0 0 0 0  0 0 0 0  0 0 0 0  0 0 0 0  0 0 0 0  0 0 0 0  0 0 0 0  0 0 0 0  0 0 0 0  0 0 0 0  0 0 0 0  0 0 0 0  0 0 0 0  0 0 0 0  0 0 0 0  0 0 0 0  0 0 0 0  0 0 0 0  0 0 0 0  0 0 0 0  0 0 0 0  0 0 0 0  0 0 0 0  0 0 0 0  0 0 0 0  0 0 0 0  0 0 0 0  0 0 0 0  0 0 0 0  0 0 0 0  0 0 0 0  0 0 0 0  0 0 0 0  0 0 0 0  0 0 0 0  0 0 0 0  0 0 0 0  0 0 0 0  0 0 0 0  0 0 0 0  0 0 0 0  0 0 0 0  0 0 0 0  0 0 0 0  0 0 0 0  0 0 0 0  0 0 0 0  0 0 0 0  0 0 0 0  0 0 0 0  0 0 0 0  0 0 0 0  0 0 0 0  0 0 0 0  0 0 0 0  0 0 0 0  0 0 0 0  0 0 0 0  0 0 0 0  0 0 0 0  0 0 0 0  0 0 0 0  0 0 0 0  0 0 0 0  0 0 0 0  0 0 0 0  0 0 0 0  0 0 0 0  0 0 0 0  0 0 0 0  0 0 0 0  0 0 0 0  0 0 0 0  0 0 0 0  0 0 0 0  0 0 0 0  0 0 0 0  0 0 0 0  
0 0 0 0  0 0 0 0  0 0 0 0  0 0 0 0  0 0 0 0  0 0 0 0  0 0 0 0  0 0 0 0  0 0 0 0  0 0 0 0  0 0 0 0  0 0 0 0  0 0 0 0  0 0 0 0  0 0 0 0  0 0 0 0  0 0 0 0  0 0 0 0  0 0 0 0  0 0 0 0  0 0 0 0  0 0 0 0  0 0 0 0  0 0 0 0  0 0 0 0  0 0 0 0  0 0 0 0  0 0 0 0  0 0 0 0  0 0 0 0  0 0 0 0  0 0 0 0  0 0 0 0  0 0 0 0  0 0 0 0  0 0 0 0  0 0 0 0  0 0 0 0  0 0 0 0  0 0 0 0  0 0 0 0  0 0 0 0  0 0 0 0  0 0 0 0  0 0 0 0  0 0 0 0  0 0 0 0  0 0 0 0  0 0 0 0  0 0 0 0  0 0 0 0  0 0 0 0  0 0 0 0  0 0 0 0  0 0 0 0  0 0 0 0  0 0 0 0  0 0 0 0  0 0 0 0  0 0 0 0  0 0 0 0  0 0 0 0  0 0 0 0  0 0 0 0  0 0 0 0  0 0 0 0  0 0 0 0  0 0 0 0  0 0 0 0  0 0 0 0  0 0 0 0  0 0 0 0  0 0 0 0  0 0 0 0  0 0 0 0  0 0 0 0  0 0 0 0  0 0 0 0  0 0 0 0  0 0 0 0  0 0 0 0  0 0 0 0  0 0 0 0  0 0 0 0  
0 0 0 0  0 0 0 0  0 0 0 0  0 0 0 0  0 0 0 0  0 0 0 0  0 0 0 0  0 0 0 0  0 0 0 0  0 0 0 0  0 0 0 0  0 0 0 0  0 0 0 0  0 0 0 0  0 0 0 0  0 0 0 0  0 0 0 0  0 0 0 0  0 0 0 0  0 0 0 0  0 0 0 0  0 0 0 0  0 0 0 0  0 0 0 0  0 0 0 0  0 0 0 0  0 0 0 0  0 0 0 0  0 0 0 0  0 0 0 0  0 0 0 0  0 0 0 0  0 0 0 0  0 0 0 0  0 0 0 0  0 0 0 0  0 0 0 0  0 0 0 0  0 0 0 0  0 0 0 0  0 0 0 0  0 0 0 0  0 0 0 0  0 0 0 0  0 0 0 0  0 0 0 0  0 0 0 0  0 0 0 0  0 0 0 0  0 0 0 0  0 0 0 0  0 0 0 0  0 0 0 0  0 0 0 0  0 0 0 0  0 0 0 0  0 0 0 0  0 0 0 0  0 0 0 0  0 0 0 0  0 0 0 0  0 0 0 0  0 0 0 0  0 0 0 0  0 0 0 0  0 0 0 0  0 0 0 0  0 0 0 0  0 0 0 0  0 0 0 0  0 0 0 0  0 0 0 0  0 0 0 0  0 0 0 0  0 0 0 0  0 0 0 0  0 0 0 0  0 0 0 0  0 0 0 0  0 0 0 0  0 0 0 0  0 0 0 0  0 0 0 0  0 0 0 0  
0 0 0 0  0 0 0 0  0 0 0 0  0 0 0 0  0 0 0 0  0 0 0 0  0 0 0 0  0 0 0 0  0 0 0 0  0 0 0 0  0 0 0 0  0 0 0 0  0 0 0 0  0 0 0 0  0 0 0 0  0 0 0 0  0 0 0 0  0 0 0 0  0 0 0 0  0 0 0 0  0 0 0 0  0 0 0 0  0 0 0 0  0 0 0 0  0 0 0 0  0 0 0 0  0 0 0 0  0 0 0 0  0 0 0 0  0 0 0 0  0 0 0 0  0 0 0 0  0 0 0 0  0 0 0 0  0 0 0 0  0 0 0 0  0 0 0 0  0 0 0 0  0 0 0 0  0 0 0 0  0 0 0 0  0 0 0 0  0 0 0 0  0 0 0 0  0 0 0 0  0 0 0 0  0 0 0 0  0 0 0 0  0 0 0 0  0 0 0 0  0 0 0 0  0 0 0 0  0 0 0 0  0 0 0 0  0 0 0 0  0 0 0 0  0 0 0 0  0 0 0 0  0 0 0 0  0 0 0 0  0 0 0 0  0 0 0 0  0 0 0 0  0 0 0 0  0 0 0 0  0 0 0 0  0 0 0 0  0 0 0 0  0 0 0 0  0 0 0 0  0 0 0 0  0 0 0 0  0 0 0 0  0 0 0 0  0 0 0 0  0 0 0 0  0 0 0 0  0 0 0 0  0 0 0 0  0 0 0 0  0 0 0 0  0 0 0 0  0 0 0 0  0 0 0 0  
0 0 0 0  0 0 0 0  0 0 0 0  0 0 0 0  0 0 0 0  0 0 0 0  0 0 0 0  0 0 0 0  0 0 0 0  0 0 0 0  0 0 0 0  0 0 0 0  0 0 0 0  0 0 0 0  0 0 0 0  0 0 0 0  0 0 0 0  0 0 0 0  0 0 0 0  0 0 0 0  0 0 0 0  0 0 0 0  0 0 0 0  0 0 0 0  0 0 0 0  0 0 0 0  0 0 0 0  0 0 0 0  0 0 0 0  0 0 0 0  0 0 0 0  0 0 0 0  0 0 0 0  0 0 0 0  0 0 0 0  0 0 0 0  0 0 0 0  0 0 0 0  0 0 0 0  0 0 0 0  0 0 0 0  0 0 0 0  0 0 0 0  0 0 0 0  0 0 0 0  0 0 0 0  0 0 0 0  0 0 0 0  0 0 0 0  0 0 0 0  0 0 0 0  0 0 0 0  0 0 0 0  0 0 0 0  0 0 0 0  0 0 0 0  0 0 0 0  0 0 0 0  0 0 0 0  0 0 0 0  0 0 0 0  0 0 0 0  0 0 0 0  0 0 0 0  0 0 0 0  0 0 0 0  0 0 0 0  0 0 0 0  0 0 0 0  0 0 0 0  0 0 0 0  0 0 0 0  0 0 0 0  0 0 0 0  0 0 0 0  0 0 0 0  0 0 0 0  0 0 0 0  0 0 0 0  0 0 0 0  0 0 0 0  0 0 0 0  0 0 0 0  0 0 0 0  
0 0 0 0  0 0 0 0  0 0 0 0  0 0 0 0  0 0 0 0  0 0 0 0  0 0 0 0  0 0 0 0  0 0 0 0  0 0 0 0  0 0 0 0  0 0 0 0  0 0 0 0  0 0 0 0  0 0 0 0  0 0 0 0  0 0 0 0  0 0 0 0  0 0 0 0  0 0 0 0  0 0 0 0  0 0 0 0  0 0 0 0  0 0 0 0  0 0 0 0  0 0 0 0  0 0 0 0  0 0 0 0  0 0 0 0  0 0 0 0  0 0 0 0  0 0 0 0  0 0 0 0  0 0 0 0  0 0 0 0  0 0 0 0  0 0 0 0  0 0 0 0  0 0 0 0  0 0 0 0  0 0 0 0  0 0 0 0  0 0 0 0  0 0 0 0  0 0 0 0  0 0 0 0  0 0 0 0  0 0 0 0  0 0 0 0  0 0 0 0  0 0 0 0  0 0 0 0  0 0 0 0  0 0 0 0  0 0 0 0  0 0 0 0  0 0 0 0  0 0 0 0  0 0 0 0  0 0 0 0  0 0 0 0  0 0 0 0  0 0 0 0  0 0 0 0  0 0 0 0  0 0 0 0  0 0 0 0  0 0 0 0  0 0 0 0  0 0 0 0  0 0 0 0  0 0 0 0  0 0 0 0  0 0 0 0  0 0 0 0  0 0 0 0  0 0 0 0  0 0 0 0  0 0 0 0  0 0 0 0  0 0 0 0  0 0 0 0  0 0 0 0  0 0 0 0  
0 0 0 0  0 0 0 0  0 0 0 0  0 0 0 0  0 0 0 0  0 0 0 0  0 0 0 0  0 0 0 0  0 0 0 0  0 0 0 0  0 0 0 0  0 0 0 0  0 0 0 0  0 0 0 0  0 0 0 0  0 0 0 0  0 0 0 0  0 0 0 0  0 0 0 0  0 0 0 0  0 0 0 0  0 0 0 0  0 0 0 0  0 0 0 0  0 0 0 0  0 0 0 0  0 0 0 0  0 0 0 0  0 0 0 0  0 0 0 0  0 0 0 0  0 0 0 0  0 0 0 0  0 0 0 0  0 0 0 0  0 0 0 0  0 0 0 0  0 0 0 0  0 0 0 0  0 0 0 0  0 0 0 0  0 0 0 0  0 0 0 0  0 0 0 0  0 0 0 0  0 0 0 0  0 0 0 0  0 0 0 0  0 0 0 0  0 0 0 0  0 0 0 0  0 0 0 0  0 0 0 0  0 0 0 0  0 0 0 0  0 0 0 0  0 0 0 0  0 0 0 0  0 0 0 0  0 0 0 0  0 0 0 0  0 0 0 0  0 0 0 0  0 0 0 0  0 0 0 0  0 0 0 0  0 0 0 0  0 0 0 0  0 0 0 0  0 0 0 0  0 0 0 0  0 0 0 0  0 0 0 0  0 0 0 0  0 0 0 0  0 0 0 0  0 0 0 0  0 0 0 0  0 0 0 0  0 0 0 0  0 0 0 0  0 0 0 0  0 0 0 0  0 0 0 0  
0 0 0 0  0 0 0 0  0 0 0 0  0 0 0 0  0 0 0 0  0 0 0 0  0 0 0 0  0 0 0 0  0 0 0 0  0 0 0 0  0 0 0 0  0 0 0 0  0 0 0 0  0 0 0 0  0 0 0 0  0 0 0 0  0 0 0 0  0 0 0 0  0 0 0 0  0 0 0 0  0 0 0 0  0 0 0 0  0 0 0 0  0 0 0 0  0 0 0 0  0 0 0 0  0 0 0 0  0 0 0 0  0 0 0 0  0 0 0 0  0 0 0 0  0 0 0 0  0 0 0 0  0 0 0 0  0 0 0 0  0 0 0 0  0 0 0 0  0 0 0 0  0 0 0 0  0 0 0 0  0 0 0 0  0 0 0 0  0 0 0 0  0 0 0 0  0 0 0 0  0 0 0 0  0 0 0 0  0 0 0 0  0 0 0 0  0 0 0 0  0 0 0 0  0 0 0 0  0 0 0 0  0 0 0 0  0 0 0 0  0 0 0 0  0 0 0 0  0 0 0 0  0 0 0 0  0 0 0 0  0 0 0 0  0 0 0 0  0 0 0 0  0 0 0 0  0 0 0 0  0 0 0 0  0 0 0 0  0 0 0 0  0 0 0 0  0 0 0 0  0 0 0 0  0 0 0 0  0 0 0 0  0 0 0 0  0 0 0 0  0 0 0 0  0 0 0 0  0 0 0 0  0 0 0 0  0 0 0 0  0 0 0 0  0 0 0 0  0 0 0 0  0 0 0 0  
0 0 0 0  0 0 0 0  0 0 0 0  0 0 0 0  0 0 0 0  0 0 0 0  0 0 0 0  0 0 0 0  0 0 0 0  0 0 0 0  0 0 0 0  0 0 0 0  0 0 0 0  0 0 0 0  0 0 0 0  0 0 0 0  0 0 0 0  0 0 0 0  0 0 0 0  0 0 0 0  0 0 0 0  0 0 0 0  0 0 0 0  0 0 0 0  0 0 0 0  0 0 0 0  0 0 0 0  0 0 0 0  0 0 0 0  0 0 0 0  0 0 0 0  0 0 0 0  0 0 0 0  0 0 0 0  0 0 0 0  0 0 0 0  0 0 0 0  0 0 0 0  0 0 0 0  0 0 0 0  0 0 0 0  0 0 0 0  0 0 0 0  0 0 0 0  0 0 0 0  0 0 0 0  0 0 0 0  0 0 0 0  0 0 0 0  0 0 0 0  0 0 0 0  0 0 0 0  0 0 0 0  0 0 0 0  0 0 0 0  0 0 0 0  0 0 0 0  0 0 0 0  0 0 0 0  0 0 0 0  0 0 0 0  0 0 0 0  0 0 0 0  0 0 0 0  0 0 0 0  0 0 0 0  0 0 0 0  0 0 0 0  0 0 0 0  0 0 0 0  0 0 0 0  0 0 0 0  0 0 0 0  0 0 0 0  0 0 0 0  0 0 0 0  0 0 0 0  0 0 0 0  0 0 0 0  0 0 0 0  0 0 0 0  0 0 0 0  0 0 0 0  0 0 0 0  
0 0 0 0  0 0 0 0  0 0 0 0  0 0 0 0  0 0 0 0  0 0 0 0  0 0 0 0  0 0 0 0  0 0 0 0  0 0 0 0  0 0 0 0  0 0 0 0  0 0 0 0  0 0 0 0  0 0 0 0  0 0 0 0  0 0 0 0  0 0 0 0  0 0 0 0  0 0 0 0  0 0 0 0  0 0 0 0  0 0 0 0  0 0 0 0  0 0 0 0  0 0 0 0  0 0 0 0  0 0 0 0  0 0 0 0  0 0 0 0  0 0 0 0  0 0 0 0  0 0 0 0  0 0 0 0  0 0 0 0  0 0 0 0  0 0 0 0  0 0 0 0  0 0 0 0  0 0 0 0  0 0 0 0  0 0 0 0  0 0 0 0  0 0 0 0  0 0 0 0  0 0 0 0  0 0 0 0  0 0 0 0  0 0 0 0  0 0 0 0  0 0 0 0  0 0 0 0  0 0 0 0  0 0 0 0  0 0 0 0  0 0 0 0  0 0 0 0  0 0 0 0  0 0 0 0  0 0 0 0  0 0 0 0  0 0 0 0  0 0 0 0  0 0 0 0  0 0 0 0  0 0 0 0  0 0 0 0  0 0 0 0  0 0 0 0  0 0 0 0  0 0 0 0  0 0 0 0  0 0 0 0  0 0 0 0  0 0 0 0  0 0 0 0  0 0 0 0  0 0 0 0  0 0 0 0  0 0 0 0  0 0 0 0  0 0 0 0  0 0 0 0  0 0 0 0  
0 0 0 0  0 0 0 0  0 0 0 0  0 0 0 0  0 0 0 0  0 0 0 0  0 0 0 0  0 0 0 0  0 0 0 0  0 0 0 0  0 0 0 0  0 0 0 0  0 0 0 0  0 0 0 0  0 0 0 0  0 0 0 0  0 0 0 0  0 0 0 0  0 0 0 0  0 0 0 0  0 0 0 0  0 0 0 0  0 0 0 0  0 0 0 0  0 0 0 0  0 0 0 0  0 0 0 0  0 0 0 0  0 0 0 0  0 0 0 0  0 0 0 0  0 0 0 0  0 0 0 0  0 0 0 0  0 0 0 0  0 0 0 0  0 0 0 0  0 0 0 0  0 0 0 0  0 0 0 0  0 0 0 0  0 0 0 0  0 0 0 0  0 0 0 0  0 0 0 0  0 0 0 0  0 0 0 0  0 0 0 0  0 0 0 0  0 0 0 0  0 0 0 0  0 0 0 0  0 0 0 0  0 0 0 0  0 0 0 0  0 0 0 0  0 0 0 0  0 0 0 0  0 0 0 0  0 0 0 0  0 0 0 0  0 0 0 0  0 0 0 0  0 0 0 0  0 0 0 0  0 0 0 0  0 0 0 0  0 0 0 0  0 0 0 0  0 0 0 0  0 0 0 0  0 0 0 0  0 0 0 0  0 0 0 0  0 0 0 0  0 0 0 0  0 0 0 0  0 0 0 0  0 0 0 0  0 0 0 0  0 0 0 0  0 0 0 0  0 0 0 0  0 0 0 0  
0 0 0 0  0 0 0 0  0 0 0 0  0 0 0 0  0 0 0 0  0 0 0 0  0 0 0 0  0 0 0 0  0 0 0 0  0 0 0 0  0 0 0 0  0 0 0 0  0 0 0 0  0 0 0 0  0 0 0 0  0 0 0 0  0 0 0 0  0 0 0 0  0 0 0 0  0 0 0 0  0 0 0 0  0 0 0 0  0 0 0 0  0 0 0 0  0 0 0 0  0 0 0 0  0 0 0 0  0 0 0 0  0 0 0 0  0 0 0 0  0 0 0 0  0 0 0 0  0 0 0 0  0 0 0 0  0 0 0 0  0 0 0 0  0 0 0 0  0 0 0 0  0 0 0 0  0 0 0 0  0 0 0 0  0 0 0 0  0 0 0 0  0 0 0 0  0 0 0 0  0 0 0 0  0 0 0 0  0 0 0 0  0 0 0 0  0 0 0 0  0 0 0 0  0 0 0 0  0 0 0 0  0 0 0 0  0 0 0 0  0 0 0 0  0 0 0 0  0 0 0 0  0 0 0 0  0 0 0 0  0 0 0 0  0 0 0 0  0 0 0 0  0 0 0 0  0 0 0 0  0 0 0 0  0 0 0 0  0 0 0 0  0 0 0 0  0 0 0 0  0 0 0 0  0 0 0 0  0 0 0 0  0 0 0 0  0 0 0 0  0 0 0 0  0 0 0 0  0 0 0 0  0 0 0 0  0 0 0 0  0 0 0 0  0 0 0 0  0 0 0 0  0 0 0 0  
0 0 0 0  0 0 0 0  0 0 0 0  0 0 0 0  0 0 0 0  0 0 0 0  0 0 0 0  0 0 0 0  0 0 0 0  0 0 0 0  0 0 0 0  0 0 0 0  0 0 0 0  0 0 0 0  0 0 0 0  0 0 0 0  0 0 0 0  0 0 0 0  0 0 0 0  0 0 0 0  0 0 0 0  0 0 0 0  0 0 0 0  0 0 0 0  0 0 0 0  0 0 0 0  0 0 0 0  0 0 0 0  0 0 0 0  0 0 0 0  0 0 0 0  0 0 0 0  0 0 0 0  0 0 0 0  0 0 0 0  0 0 0 0  0 0 0 0  0 0 0 0  0 0 0 0  0 0 0 0  0 0 0 0  0 0 0 0  0 0 0 0  0 0 0 0  0 0 0 0  0 0 0 0  0 0 0 0  0 0 0 0  0 0 0 0  0 0 0 0  0 0 0 0  0 0 0 0  0 0 0 0  0 0 0 0  0 0 0 0  0 0 0 0  0 0 0 0  0 0 0 0  0 0 0 0  0 0 0 0  0 0 0 0  0 0 0 0  0 0 0 0  0 0 0 0  0 0 0 0  0 0 0 0  0 0 0 0  0 0 0 0  0 0 0 0  0 0 0 0  0 0 0 0  0 0 0 0  0 0 0 0  0 0 0 0  0 0 0 0  0 0 0 0  0 0 0 0  0 0 0 0  0 0 0 0  0 0 0 0  0 0 0 0  0 0 0 0  0 0 0 0  0 0 0 0  
0 0 0 0  0 0 0 0  0 0 0 0  0 0 0 0  0 0 0 0  0 0 0 0  0 0 0 0  0 0 0 0  0 0 0 0  0 0 0 0  0 0 0 0  0 0 0 0  0 0 0 0  0 0 0 0  0 0 0 0  0 0 0 0  0 0 0 0  0 0 0 0  0 0 0 0  0 0 0 0  0 0 0 0  0 0 0 0  0 0 0 0  0 0 0 0  0 0 0 0  0 0 0 0  0 0 0 0  0 0 0 0  0 0 0 0  0 0 0 0  0 0 0 0  0 0 0 0  0 0 0 0  0 0 0 0  0 0 0 0  0 0 0 0  0 0 0 0  0 0 0 0  0 0 0 0  0 0 0 0  0 0 0 0  0 0 0 0  0 0 0 0  0 0 0 0  0 0 0 0  0 0 0 0  0 0 0 0  0 0 0 0  0 0 0 0  0 0 0 0  0 0 0 0  0 0 0 0  0 0 0 0  0 0 0 0  0 0 0 0  0 0 0 0  0 0 0 0  0 0 0 0  0 0 0 0  0 0 0 0  0 0 0 0  0 0 0 0  0 0 0 0  0 0 0 0  0 0 0 0  0 0 0 0  0 0 0 0  0 0 0 0  0 0 0 0  0 0 0 0  0 0 0 0  0 0 0 0  0 0 0 0  0 0 0 0  0 0 0 0  0 0 0 0  0 0 0 0  0 0 0 0  0 0 0 0  0 0 0 0  0 0 0 0  0 0 0 0  0 0 0 0  0 0 0 0  
0 0 0 0  0 0 0 0  0 0 0 0  0 0 0 0  0 0 0 0  0 0 0 0  0 0 0 0  0 0 0 0  0 0 0 0  0 0 0 0  0 0 0 0  0 0 0 0  0 0 0 0  0 0 0 0  0 0 0 0  0 0 0 0  0 0 0 0  0 0 0 0  0 0 0 0  0 0 0 0  0 0 0 0  0 0 0 0  0 0 0 0  0 0 0 0  0 0 0 0  0 0 0 0  0 0 0 0  0 0 0 0  0 0 0 0  0 0 0 0  0 0 0 0  0 0 0 0  0 0 0 0  0 0 0 0  0 0 0 0  0 0 0 0  0 0 0 0  0 0 0 0  0 0 0 0  0 0 0 0  0 0 0 0  0 0 0 0  0 0 0 0  0 0 0 0  0 0 0 0  0 0 0 0  0 0 0 0  0 0 0 0  0 0 0 0  0 0 0 0  0 0 0 0  0 0 0 0  0 0 0 0  0 0 0 0  0 0 0 0  0 0 0 0  0 0 0 0  0 0 0 0  0 0 0 0  0 0 0 0  0 0 0 0  0 0 0 0  0 0 0 0  0 0 0 0  0 0 0 0  0 0 0 0  0 0 0 0  0 0 0 0  0 0 0 0  0 0 0 0  0 0 0 0  0 0 0 0  0 0 0 0  0 0 0 0  0 0 0 0  0 0 0 0  0 0 0 0  0 0 0 0  0 0 0 0  0 0 0 0  0 0 0 0  0 0 0 0  0 0 0 0  0 0 0 0  
0 0 0 0  0 0 0 0  0 0 0 0  0 0 0 0  0 0 0 0  0 0 0 0  0 0 0 0  0 0 0 0  0 0 0 0  0 0 0 0  0 0 0 0  0 0 0 0  0 0 0 0  0 0 0 0  0 0 0 0  0 0 0 0  0 0 0 0  0 0 0 0  0 0 0 0  0 0 0 0  0 0 0 0  0 0 0 0  0 0 0 0  0 0 0 0  0 0 0 0  0 0 0 0  0 0 0 0  0 0 0 0  0 0 0 0  0 0 0 0  0 0 0 0  0 0 0 0  0 0 0 0  0 0 0 0  0 0 0 0  0 0 0 0  0 0 0 0  0 0 0 0  0 0 0 0  0 0 0 0  0 0 0 0  0 0 0 0  0 0 0 0  0 0 0 0  0 0 0 0  0 0 0 0  0 0 0 0  0 0 0 0  0 0 0 0  0 0 0 0  0 0 0 0  0 0 0 0  0 0 0 0  0 0 0 0  0 0 0 0  0 0 0 0  0 0 0 0  0 0 0 0  0 0 0 0  0 0 0 0  0 0 0 0  0 0 0 0  0 0 0 0  0 0 0 0  0 0 0 0  0 0 0 0  0 0 0 0  0 0 0 0  0 0 0 0  0 0 0 0  0 0 0 0  0 0 0 0  0 0 0 0  0 0 0 0  0 0 0 0  0 0 0 0  0 0 0 0  0 0 0 0  0 0 0 0  0 0 0 0  0 0 0 0  0 0 0 0  0 0 0 0  0 0 0 0  
0 0 0 0  0 0 0 0  0 0 0 0  0 0 0 0  0 0 0 0  0 0 0 0  0 0 0 0  0 0 0 0  0 0 0 0  0 0 0 0  0 0 0 0  0 0 0 0  0 0 0 0  0 0 0 0  0 0 0 0  0 0 0 0  0 0 0 0  0 0 0 0  0 0 0 0  0 0 0 0  0 0 0 0  0 0 0 0  0 0 0 0  0 0 0 0  0 0 0 0  0 0 0 0  0 0 0 0  0 0 0 0  0 0 0 0  0 0 0 0  0 0 0 0  0 0 0 0  0 0 0 0  0 0 0 0  0 0 0 0  0 0 0 0  0 0 0 0  0 0 0 0  0 0 0 0  0 0 0 0  0 0 0 0  0 0 0 0  0 0 0 0  0 0 0 0  0 0 0 0  0 0 0 0  0 0 0 0  0 0 0 0  0 0 0 0  0 0 0 0  0 0 0 0  0 0 0 0  0 0 0 0  0 0 0 0  0 0 0 0  0 0 0 0  0 0 0 0  0 0 0 0  0 0 0 0  0 0 0 0  0 0 0 0  0 0 0 0  0 0 0 0  0 0 0 0  0 0 0 0  0 0 0 0  0 0 0 0  0 0 0 0  0 0 0 0  0 0 0 0  0 0 0 0  0 0 0 0  0 0 0 0  0 0 0 0  0 0 0 0  0 0 0 0  0 0 0 0  0 0 0 0  0 0 0 0  0 0 0 0  0 0 0 0  0 0 0 0  0 0 0 0  0 0 0 0  
0 0 0 0  0 0 0 0  0 0 0 0  0 0 0 0  0 0 0 0  0 0 0 0  0 0 0 0  0 0 0 0  0 0 0 0  0 0 0 0  0 0 0 0  0 0 0 0  0 0 0 0  0 0 0 0  0 0 0 0  0 0 0 0  0 0 0 0  0 0 0 0  0 0 0 0  0 0 0 0  0 0 0 0  0 0 0 0  0 0 0 0  0 0 0 0  0 0 0 0  0 0 0 0  0 0 0 0  0 0 0 0  0 0 0 0  0 0 0 0  0 0 0 0  0 0 0 0  0 0 0 0  0 0 0 0  0 0 0 0  0 0 0 0  0 0 0 0  0 0 0 0  0 0 0 0  0 0 0 0  0 0 0 0  0 0 0 0  0 0 0 0  0 0 0 0  0 0 0 0  0 0 0 0  0 0 0 0  0 0 0 0  0 0 0 0  0 0 0 0  0 0 0 0  0 0 0 0  0 0 0 0  0 0 0 0  0 0 0 0  0 0 0 0  0 0 0 0  0 0 0 0  0 0 0 0  0 0 0 0  0 0 0 0  0 0 0 0  0 0 0 0  0 0 0 0  0 0 0 0  0 0 0 0  0 0 0 0  0 0 0 0  0 0 0 0  0 0 0 0  0 0 0 0  0 0 0 0  0 0 0 0  0 0 0 0  0 0 0 0  0 0 0 0  0 0 0 0  0 0 0 0  0 0 0 0  0 0 0 0  0 0 0 0  0 0 0 0  0 0 0 0  0 0 0 0  
0 0 0 0  0 0 0 0  0 0 0 0  0 0 0 0  0 0 0 0  0 0 0 0  0 0 0 0  0 0 0 0  0 0 0 0  0 0 0 0  0 0 0 0  0 0 0 0  0 0 0 0  0 0 0 0  0 0 0 0  0 0 0 0  0 0 0 0  0 0 0 0  0 0 0 0  0 0 0 0  0 0 0 0  0 0 0 0  0 0 0 0  0 0 0 0  0 0 0 0  0 0 0 0  0 0 0 0  0 0 0 0  0 0 0 0  0 0 0 0  0 0 0 0  0 0 0 0  0 0 0 0  0 0 0 0  0 0 0 0  0 0 0 0  0 0 0 0  0 0 0 0  0 0 0 0  0 0 0 0  0 0 0 0  0 0 0 0  0 0 0 0  0 0 0 0  0 0 0 0  0 0 0 0  0 0 0 0  0 0 0 0  0 0 0 0  0 0 0 0  0 0 0 0  0 0 0 0  0 0 0 0  0 0 0 0  0 0 0 0  0 0 0 0  0 0 0 0  0 0 0 0  0 0 0 0  0 0 0 0  0 0 0 0  0 0 0 0  0 0 0 0  0 0 0 0  0 0 0 0  0 0 0 0  0 0 0 0  0 0 0 0  0 0 0 0  0 0 0 0  0 0 0 0  0 0 0 0  0 0 0 0  0 0 0 0  0 0 0 0  0 0 0 0  0 0 0 0  0 0 0 0  0 0 0 0  0 0 0 0  0 0 0 0  0 0 0 0  0 0 0 0  0 0 0 0  
0 0 0 0  0 0 0 0  0 0 0 0  0 0 0 0  0 0 0 0  0 0 0 0  0 0 0 0  0 0 0 0  0 0 0 0  0 0 0 0  0 0 0 0  0 0 0 0  0 0 0 0  0 0 0 0  0 0 0 0  0 0 0 0  0 0 0 0  0 0 0 0  0 0 0 0  0 0 0 0  0 0 0 0  0 0 0 0  0 0 0 0  0 0 0 0  0 0 0 0  0 0 0 0  0 0 0 0  0 0 0 0  0 0 0 0  0 0 0 0  0 0 0 0  0 0 0 0  0 0 0 0  0 0 0 0  0 0 0 0  0 0 0 0  0 0 0 0  0 0 0 0  0 0 0 0  0 0 0 0  0 0 0 0  0 0 0 0  0 0 0 0  0 0 0 0  0 0 0 0  0 0 0 0  0 0 0 0  0 0 0 0  0 0 0 0  0 0 0 0  0 0 0 0  0 0 0 0  0 0 0 0  0 0 0 0  0 0 0 0  0 0 0 0  0 0 0 0  0 0 0 0  0 0 0 0  0 0 0 0  0 0 0 0  0 0 0 0  0 0 0 0  0 0 0 0  0 0 0 0  0 0 0 0  0 0 0 0  0 0 0 0  0 0 0 0  0 0 0 0  0 0 0 0  0 0 0 0  0 0 0 0  0 0 0 0  0 0 0 0  0 0 0 0  0 0 0 0  0 0 0 0  0 0 0 0  0 0 0 0  0 0 0 0  0 0 0 0  0 0 0 0  0 0 0 0  
0 0 0 0  0 0 0 0  0 0 0 0  0 0 0 0  0 0 0 0  0 0 0 0  0 0 0 0  0 0 0 0  0 0 0 0  0 0 0 0  0 0 0 0  0 0 0 0  0 0 0 0  0 0 0 0  0 0 0 0  0 0 0 0  0 0 0 0  0 0 0 0  0 0 0 0  0 0 0 0  0 0 0 0  0 0 0 0  0 0 0 0  0 0 0 0  0 0 0 0  0 0 0 0  0 0 0 0  0 0 0 0  0 0 0 0  0 0 0 0  0 0 0 0  0 0 0 0  0 0 0 0  0 0 0 0  0 0 0 0  0 0 0 0  0 0 0 0  0 0 0 0  0 0 0 0  0 0 0 0  0 0 0 0  0 0 0 0  0 0 0 0  0 0 0 0  0 0 0 0  0 0 0 0  0 0 0 0  0 0 0 0  0 0 0 0  0 0 0 0  0 0 0 0  0 0 0 0  0 0 0 0  0 0 0 0  0 0 0 0  0 0 0 0  0 0 0 0  0 0 0 0  0 0 0 0  0 0 0 0  0 0 0 0  0 0 0 0  0 0 0 0  0 0 0 0  0 0 0 0  0 0 0 0  0 0 0 0  0 0 0 0  0 0 0 0  0 0 0 0  0 0 0 0  0 0 0 0  0 0 0 0  0 0 0 0  0 0 0 0  0 0 0 0  0 0 0 0  0 0 0 0  0 0 0 0  0 0 0 0  0 0 0 0  0 0 0 0  0 0 0 0  0 0 0 0  
0 0 0 0  0 0 0 0  0 0 0 0  0 0 0 0  0 0 0 0  0 0 0 0  0 0 0 0  0 0 0 0  0 0 0 0  0 0 0 0  0 0 0 0  0 0 0 0  0 0 0 0  0 0 0 0  0 0 0 0  0 0 0 0  0 0 0 0  0 0 0 0  0 0 0 0  0 0 0 0  0 0 0 0  0 0 0 0  0 0 0 0  0 0 0 0  0 0 0 0  0 0 0 0  0 0 0 0  0 0 0 0  0 0 0 0  0 0 0 0  0 0 0 0  0 0 0 0  0 0 0 0  0 0 0 0  0 0 0 0  0 0 0 0  0 0 0 0  0 0 0 0  0 0 0 0  0 0 0 0  0 0 0 0  0 0 0 0  0 0 0 0  0 0 0 0  0 0 0 0  0 0 0 0  0 0 0 0  0 0 0 0  0 0 0 0  0 0 0 0  0 0 0 0  0 0 0 0  0 0 0 0  0 0 0 0  0 0 0 0  0 0 0 0  0 0 0 0  0 0 0 0  0 0 0 0  0 0 0 0  0 0 0 0  0 0 0 0  0 0 0 0  0 0 0 0  0 0 0 0  0 0 0 0  0 0 0 0  0 0 0 0  0 0 0 0  0 0 0 0  0 0 0 0  0 0 0 0  0 0 0 0  0 0 0 0  0 0 0 0  0 0 0 0  0 0 0 0  0 0 0 0  0 0 0 0  0 0 0 0  0 0 0 0  0 0 0 0  0 0 0 0  0 0 0 0  
0 0 0 0  0 0 0 0  0 0 0 0  0 0 0 0  0 0 0 0  0 0 0 0  0 0 0 0  0 0 0 0  0 0 0 0  0 0 0 0  0 0 0 0  0 0 0 0  0 0 0 0  0 0 0 0  0 0 0 0  0 0 0 0  0 0 0 0  0 0 0 0  0 0 0 0  0 0 0 0  0 0 0 0  0 0 0 0  0 0 0 0  0 0 0 0  0 0 0 0  0 0 0 0  0 0 0 0  0 0 0 0  0 0 0 0  0 0 0 0  0 0 0 0  0 0 0 0  0 0 0 0  0 0 0 0  0 0 0 0  0 0 0 0  0 0 0 0  0 0 0 0  0 0 0 0  0 0 0 0  0 0 0 0  0 0 0 0  0 0 0 0  0 0 0 0  0 0 0 0  0 0 0 0  0 0 0 0  0 0 0 0  0 0 0 0  0 0 0 0  0 0 0 0  0 0 0 0  0 0 0 0  0 0 0 0  0 0 0 0  0 0 0 0  0 0 0 0  0 0 0 0  0 0 0 0  0 0 0 0  0 0 0 0  0 0 0 0  0 0 0 0  0 0 0 0  0 0 0 0  0 0 0 0  0 0 0 0  0 0 0 0  0 0 0 0  0 0 0 0  0 0 0 0  0 0 0 0  0 0 0 0  0 0 0 0  0 0 0 0  0 0 0 0  0 0 0 0  0 0 0 0  0 0 0 0  0 0 0 0  0 0 0 0  0 0 0 0  0 0 0 0  0 0 0 0  
0 0 0 0  0 0 0 0  0 0 0 0  0 0 0 0  0 0 0 0  0 0 0 0  0 0 0 0  0 0 0 0  0 0 0 0  0 0 0 0  0 0 0 0  0 0 0 0  0 0 0 0  0 0 0 0  0 0 0 0  0 0 0 0  0 0 0 0  0 0 0 0  0 0 0 0  0 0 0 0  0 0 0 0  0 0 0 0  0 0 0 0  0 0 0 0  0 0 0 0  0 0 0 0  0 0 0 0  0 0 0 0  0 0 0 0  0 0 0 0  0 0 0 0  0 0 0 0  0 0 0 0  0 0 0 0  0 0 0 0  0 0 0 0  0 0 0 0  0 0 0 0  0 0 0 0  0 0 0 0  0 0 0 0  0 0 0 0  0 0 0 0  0 0 0 0  0 0 0 0  0 0 0 0  0 0 0 0  0 0 0 0  0 0 0 0  0 0 0 0  0 0 0 0  0 0 0 0  0 0 0 0  0 0 0 0  0 0 0 0  0 0 0 0  0 0 0 0  0 0 0 0  0 0 0 0  0 0 0 0  0 0 0 0  0 0 0 0  0 0 0 0  0 0 0 0  0 0 0 0  0 0 0 0  0 0 0 0  0 0 0 0  0 0 0 0  0 0 0 0  0 0 0 0  0 0 0 0  0 0 0 0  0 0 0 0  0 0 0 0  0 0 0 0  0 0 0 0  0 0 0 0  0 0 0 0  0 0 0 0  0 0 0 0  0 0 0 0  0 0 0 0  0 0 0 0  
0 0 0 0  0 0 0 0  0 0 0 0  0 0 0 0  0 0 0 0  0 0 0 0  0 0 0 0  0 0 0 0  0 0 0 0  0 0 0 0  0 0 0 0  0 0 0 0  0 0 0 0  0 0 0 0  0 0 0 0  0 0 0 0  0 0 0 0  0 0 0 0  0 0 0 0  0 0 0 0  0 0 0 0  0 0 0 0  0 0 0 0  0 0 0 0  0 0 0 0  0 0 0 0  0 0 0 0  0 0 0 0  0 0 0 0  0 0 0 0  0 0 0 0  0 0 0 0  0 0 0 0  0 0 0 0  0 0 0 0  0 0 0 0  0 0 0 0  0 0 0 0  0 0 0 0  0 0 0 0  0 0 0 0  0 0 0 0  0 0 0 0  0 0 0 0  0 0 0 0  0 0 0 0  0 0 0 0  0 0 0 0  0 0 0 0  0 0 0 0  0 0 0 0  0 0 0 0  0 0 0 0  0 0 0 0  0 0 0 0  0 0 0 0  0 0 0 0  0 0 0 0  0 0 0 0  0 0 0 0  0 0 0 0  0 0 0 0  0 0 0 0  0 0 0 0  0 0 0 0  0 0 0 0  0 0 0 0  0 0 0 0  0 0 0 0  0 0 0 0  0 0 0 0  0 0 0 0  0 0 0 0  0 0 0 0  0 0 0 0  0 0 0 0  0 0 0 0  0 0 0 0  0 0 0 0  0 0 0 0  0 0 0 0  0 0 0 0  0 0 0 0  0 0 0 0  
0 0 0 0  0 0 0 0  0 0 0 0  0 0 0 0  0 0 0 0  0 0 0 0  0 0 0 0  0 0 0 0  0 0 0 0  0 0 0 0  0 0 0 0  0 0 0 0  0 0 0 0  0 0 0 0  0 0 0 0  0 0 0 0  0 0 0 0  0 0 0 0  0 0 0 0  0 0 0 0  0 0 0 0  0 0 0 0  0 0 0 0  0 0 0 0  0 0 0 0  0 0 0 0  0 0 0 0  0 0 0 0  0 0 0 0  0 0 0 0  0 0 0 0  0 0 0 0  0 0 0 0  0 0 0 0  0 0 0 0  0 0 0 0  0 0 0 0  0 0 0 0  0 0 0 0  0 0 0 0  0 0 0 0  0 0 0 0  0 0 0 0  0 0 0 0  0 0 0 0  0 0 0 0  0 0 0 0  0 0 0 0  0 0 0 0  0 0 0 0  0 0 0 0  0 0 0 0  0 0 0 0  0 0 0 0  0 0 0 0  0 0 0 0  0 0 0 0  0 0 0 0  0 0 0 0  0 0 0 0  0 0 0 0  0 0 0 0  0 0 0 0  0 0 0 0  0 0 0 0  0 0 0 0  0 0 0 0  0 0 0 0  0 0 0 0  0 0 0 0  0 0 0 0  0 0 0 0  0 0 0 0  0 0 0 0  0 0 0 0  0 0 0 0  0 0 0 0  0 0 0 0  0 0 0 0  0 0 0 0  0 0 0 0  0 0 0 0  0 0 0 0  0 0 0 0  
0 0 0 0  0 0 0 0  0 0 0 0  0 0 0 0  0 0 0 0  0 0 0 0  0 0 0 0  0 0 0 0  0 0 0 0  0 0 0 0  0 0 0 0  0 0 0 0  0 0 0 0  0 0 0 0  0 0 0 0  0 0 0 0  0 0 0 0  0 0 0 0  0 0 0 0  0 0 0 0  0 0 0 0  0 0 0 0  0 0 0 0  0 0 0 0  0 0 0 0  0 0 0 0  0 0 0 0  0 0 0 0  0 0 0 0  0 0 0 0  0 0 0 0  0 0 0 0  0 0 0 0  0 0 0 0  0 0 0 0  0 0 0 0  0 0 0 0  0 0 0 0  0 0 0 0  0 0 0 0  0 0 0 0  0 0 0 0  0 0 0 0  0 0 0 0  0 0 0 0  0 0 0 0  0 0 0 0  0 0 0 0  0 0 0 0  0 0 0 0  0 0 0 0  0 0 0 0  0 0 0 0  0 0 0 0  0 0 0 0  0 0 0 0  0 0 0 0  0 0 0 0  0 0 0 0  0 0 0 0  0 0 0 0  0 0 0 0  0 0 0 0  0 0 0 0  0 0 0 0  0 0 0 0  0 0 0 0  0 0 0 0  0 0 0 0  0 0 0 0  0 0 0 0  0 0 0 0  0 0 0 0  0 0 0 0  0 0 0 0  0 0 0 0  0 0 0 0  0 0 0 0  0 0 0 0  0 0 0 0  0 0 0 0  0 0 0 0  0 0 0 0  0 0 0 0  
0 0 0 0  0 0 0 0  0 0 0 0  0 0 0 0  0 0 0 0  0 0 0 0  0 0 0 0  0 0 0 0  0 0 0 0  0 0 0 0  0 0 0 0  0 0 0 0  0 0 0 0  0 0 0 0  0 0 0 0  0 0 0 0  0 0 0 0  0 0 0 0  0 0 0 0  0 0 0 0  0 0 0 0  0 0 0 0  0 0 0 0  0 0 0 0  0 0 0 0  0 0 0 0  0 0 0 0  0 0 0 0  0 0 0 0  0 0 0 0  0 0 0 0  0 0 0 0  0 0 0 0  0 0 0 0  0 0 0 0  0 0 0 0  0 0 0 0  0 0 0 0  0 0 0 0  0 0 0 0  0 0 0 0  0 0 0 0  0 0 0 0  0 0 0 0  0 0 0 0  0 0 0 0  0 0 0 0  0 0 0 0  0 0 0 0  0 0 0 0  0 0 0 0  0 0 0 0  0 0 0 0  0 0 0 0  0 0 0 0  0 0 0 0  0 0 0 0  0 0 0 0  0 0 0 0  0 0 0 0  0 0 0 0  0 0 0 0  0 0 0 0  0 0 0 0  0 0 0 0  0 0 0 0  0 0 0 0  0 0 0 0  0 0 0 0  0 0 0 0  0 0 0 0  0 0 0 0  0 0 0 0  0 0 0 0  0 0 0 0  0 0 0 0  0 0 0 0  0 0 0 0  0 0 0 0  0 0 0 0  0 0 0 0  0 0 0 0  0 0 0 0  0 0 0 0  
0 0 0 0  0 0 0 0  0 0 0 0  0 0 0 0  0 0 0 0  0 0 0 0  0 0 0 0  0 0 0 0  0 0 0 0  0 0 0 0  0 0 0 0  0 0 0 0  0 0 0 0  0 0 0 0  0 0 0 0  0 0 0 0  0 0 0 0  0 0 0 0  0 0 0 0  0 0 0 0  0 0 0 0  0 0 0 0  0 0 0 0  0 0 0 0  0 0 0 0  0 0 0 0  0 0 0 0  0 0 0 0  0 0 0 0  0 0 0 0  0 0 0 0  0 0 0 0  0 0 0 0  0 0 0 0  0 0 0 0  0 0 0 0  0 0 0 0  0 0 0 0  0 0 0 0  0 0 0 0  0 0 0 0  0 0 0 0  0 0 0 0  0 0 0 0  0 0 0 0  0 0 0 0  0 0 0 0  0 0 0 0  0 0 0 0  0 0 0 0  0 0 0 0  0 0 0 0  0 0 0 0  0 0 0 0  0 0 0 0  0 0 0 0  0 0 0 0  0 0 0 0  0 0 0 0  0 0 0 0  0 0 0 0  0 0 0 0  0 0 0 0  0 0 0 0  0 0 0 0  0 0 0 0  0 0 0 0  0 0 0 0  0 0 0 0  0 0 0 0  0 0 0 0  0 0 0 0  0 0 0 0  0 0 0 0  0 0 0 0  0 0 0 0  0 0 0 0  0 0 0 0  0 0 0 0  0 0 0 0  0 0 0 0  0 0 0 0  0 0 0 0  0 0 0 0  
0 0 0 0  0 0 0 0  0 0 0 0  0 0 0 0  0 0 0 0  0 0 0 0  0 0 0 0  0 0 0 0  0 0 0 0  0 0 0 0  0 0 0 0  0 0 0 0  0 0 0 0  0 0 0 0  0 0 0 0  0 0 0 0  0 0 0 0  0 0 0 0  0 0 0 0  0 0 0 0  0 0 0 0  0 0 0 0  0 0 0 0  0 0 0 0  0 0 0 0  0 0 0 0  0 0 0 0  0 0 0 0  0 0 0 0  0 0 0 0  0 0 0 0  0 0 0 0  0 0 0 0  0 0 0 0  0 0 0 0  0 0 0 0  0 0 0 0  0 0 0 0  0 0 0 0  0 0 0 0  0 0 0 0  0 0 0 0  0 0 0 0  0 0 0 0  0 0 0 0  0 0 0 0  0 0 0 0  0 0 0 0  0 0 0 0  0 0 0 0  0 0 0 0  0 0 0 0  0 0 0 0  0 0 0 0  0 0 0 0  0 0 0 0  0 0 0 0  0 0 0 0  0 0 0 0  0 0 0 0  0 0 0 0  0 0 0 0  0 0 0 0  0 0 0 0  0 0 0 0  0 0 0 0  0 0 0 0  0 0 0 0  0 0 0 0  0 0 0 0  0 0 0 0  0 0 0 0  0 0 0 0  0 0 0 0  0 0 0 0  0 0 0 0  0 0 0 0  0 0 0 0  0 0 0 0  0 0 0 0  0 0 0 0  0 0 0 0  0 0 0 0  0 0 0 0  
0 0 0 0  0 0 0 0  0 0 0 0  0 0 0 0  0 0 0 0  0 0 0 0  0 0 0 0  0 0 0 0  0 0 0 0  0 0 0 0  0 0 0 0  0 0 0 0  0 0 0 0  0 0 0 0  0 0 0 0  0 0 0 0  0 0 0 0  0 0 0 0  0 0 0 0  0 0 0 0  0 0 0 0  0 0 0 0  0 0 0 0  0 0 0 0  0 0 0 0  0 0 0 0  0 0 0 0  0 0 0 0  0 0 0 0  0 0 0 0  0 0 0 0  0 0 0 0  0 0 0 0  0 0 0 0  0 0 0 0  0 0 0 0  0 0 0 0  0 0 0 0  0 0 0 0  0 0 0 0  0 0 0 0  0 0 0 0  0 0 0 0  0 0 0 0  0 0 0 0  0 0 0 0  0 0 0 0  0 0 0 0  0 0 0 0  0 0 0 0  0 0 0 0  0 0 0 0  0 0 0 0  0 0 0 0  0 0 0 0  0 0 0 0  0 0 0 0  0 0 0 0  0 0 0 0  0 0 0 0  0 0 0 0  0 0 0 0  0 0 0 0  0 0 0 0  0 0 0 0  0 0 0 0  0 0 0 0  0 0 0 0  0 0 0 0  0 0 0 0  0 0 0 0  0 0 0 0  0 0 0 0  0 0 0 0  0 0 0 0  0 0 0 0  0 0 0 0  0 0 0 0  0 0 0 0  0 0 0 0  0 0 0 0  0 0 0 0  0 0 0 0  0 0 0 0  
0 0 0 0  0 0 0 0  0 0 0 0  0 0 0 0  0 0 0 0  0 0 0 0  0 0 0 0  0 0 0 0  0 0 0 0  0 0 0 0  0 0 0 0  0 0 0 0  0 0 0 0  0 0 0 0  0 0 0 0  0 0 0 0  0 0 0 0  0 0 0 0  0 0 0 0  0 0 0 0  0 0 0 0  0 0 0 0  0 0 0 0  0 0 0 0  0 0 0 0  0 0 0 0  0 0 0 0  0 0 0 0  0 0 0 0  0 0 0 0  0 0 0 0  0 0 0 0  0 0 0 0  0 0 0 0  0 0 0 0  0 0 0 0  0 0 0 0  0 0 0 0  0 0 0 0  0 0 0 0  0 0 0 0  0 0 0 0  0 0 0 0  0 0 0 0  0 0 0 0  0 0 0 0  0 0 0 0  0 0 0 0  0 0 0 0  0 0 0 0  0 0 0 0  0 0 0 0  0 0 0 0  0 0 0 0  0 0 0 0  0 0 0 0  0 0 0 0  0 0 0 0  0 0 0 0  0 0 0 0  0 0 0 0  0 0 0 0  0 0 0 0  0 0 0 0  0 0 0 0  0 0 0 0  0 0 0 0  0 0 0 0  0 0 0 0  0 0 0 0  0 0 0 0  0 0 0 0  0 0 0 0  0 0 0 0  0 0 0 0  0 0 0 0  0 0 0 0  0 0 0 0  0 0 0 0  0 0 0 0  0 0 0 0  0 0 0 0  0 0 0 0  0 0 0 0  
0 0 0 0  0 0 0 0  0 0 0 0  0 0 0 0  0 0 0 0  0 0 0 0  0 0 0 0  0 0 0 0  0 0 0 0  0 0 0 0  0 0 0 0  0 0 0 0  0 0 0 0  0 0 0 0  0 0 0 0  0 0 0 0  0 0 0 0  0 0 0 0  0 0 0 0  0 0 0 0  0 0 0 0  0 0 0 0  0 0 0 0  0 0 0 0  0 0 0 0  0 0 0 0  0 0 0 0  0 0 0 0  0 0 0 0  0 0 0 0  0 0 0 0  0 0 0 0  0 0 0 0  0 0 0 0  0 0 0 0  0 0 0 0  0 0 0 0  0 0 0 0  0 0 0 0  0 0 0 0  0 0 0 0  0 0 0 0  0 0 0 0  0 0 0 0  0 0 0 0  0 0 0 0  0 0 0 0  0 0 0 0  0 0 0 0  0 0 0 0  0 0 0 0  0 0 0 0  0 0 0 0  0 0 0 0  0 0 0 0  0 0 0 0  0 0 0 0  0 0 0 0  0 0 0 0  0 0 0 0  0 0 0 0  0 0 0 0  0 0 0 0  0 0 0 0  0 0 0 0  0 0 0 0  0 0 0 0  0 0 0 0  0 0 0 0  0 0 0 0  0 0 0 0  0 0 0 0  0 0 0 0  0 0 0 0  0 0 0 0  0 0 0 0  0 0 0 0  0 0 0 0  0 0 0 0  0 0 0 0  0 0 0 0  0 0 0 0  0 0 0 0  0 0 0 0  
0 0 0 0  0 0 0 0  0 0 0 0  0 0 0 0  0 0 0 0  0 0 0 0  0 0 0 0  0 0 0 0  0 0 0 0  0 0 0 0  0 0 0 0  0 0 0 0  0 0 0 0  0 0 0 0  0 0 0 0  0 0 0 0  0 0 0 0  0 0 0 0  0 0 0 0  0 0 0 0  0 0 0 0  0 0 0 0  0 0 0 0  0 0 0 0  0 0 0 0  0 0 0 0  0 0 0 0  0 0 0 0  0 0 0 0  0 0 0 0  0 0 0 0  0 0 0 0  0 0 0 0  0 0 0 0  0 0 0 0  0 0 0 0  0 0 0 0  0 0 0 0  0 0 0 0  0 0 0 0  0 0 0 0  0 0 0 0  0 0 0 0  0 0 0 0  0 0 0 0  0 0 0 0  0 0 0 0  0 0 0 0  0 0 0 0  0 0 0 0  0 0 0 0  0 0 0 0  0 0 0 0  0 0 0 0  0 0 0 0  0 0 0 0  0 0 0 0  0 0 0 0  0 0 0 0  0 0 0 0  0 0 0 0  0 0 0 0  0 0 0 0  0 0 0 0  0 0 0 0  0 0 0 0  0 0 0 0  0 0 0 0  0 0 0 0  0 0 0 0  0 0 0 0  0 0 0 0  0 0 0 0  0 0 0 0  0 0 0 0  0 0 0 0  0 0 0 0  0 0 0 0  0 0 0 0  0 0 0 0  0 0 0 0  0 0 0 0  0 0 0 0  0 0 0 0  
0 0 0 0  0 0 0 0  0 0 0 0  0 0 0 0  0 0 0 0  0 0 0 0  0 0 0 0  0 0 0 0  0 0 0 0  0 0 0 0  0 0 0 0  0 0 0 0  0 0 0 0  0 0 0 0  0 0 0 0  0 0 0 0  0 0 0 0  0 0 0 0  0 0 0 0  0 0 0 0  0 0 0 0  0 0 0 0  0 0 0 0  0 0 0 0  0 0 0 0  0 0 0 0  0 0 0 0  0 0 0 0  0 0 0 0  0 0 0 0  0 0 0 0  0 0 0 0  0 0 0 0  0 0 0 0  0 0 0 0  0 0 0 0  0 0 0 0  0 0 0 0  0 0 0 0  0 0 0 0  0 0 0 0  0 0 0 0  0 0 0 0  0 0 0 0  0 0 0 0  0 0 0 0  0 0 0 0  0 0 0 0  0 0 0 0  0 0 0 0  0 0 0 0  0 0 0 0  0 0 0 0  0 0 0 0  0 0 0 0  0 0 0 0  0 0 0 0  0 0 0 0  0 0 0 0  0 0 0 0  0 0 0 0  0 0 0 0  0 0 0 0  0 0 0 0  0 0 0 0  0 0 0 0  0 0 0 0  0 0 0 0  0 0 0 0  0 0 0 0  0 0 0 0  0 0 0 0  0 0 0 0  0 0 0 0  0 0 0 0  0 0 0 0  0 0 0 0  0 0 0 0  0 0 0 0  0 0 0 0  0 0 0 0  0 0 0 0  0 0 0 0  0 0 0 0  
0 0 0 0  0 0 0 0  0 0 0 0  0 0 0 0  0 0 0 0  0 0 0 0  0 0 0 0  0 0 0 0  0 0 0 0  0 0 0 0  0 0 0 0  0 0 0 0  0 0 0 0  0 0 0 0  0 0 0 0  0 0 0 0  0 0 0 0  0 0 0 0  0 0 0 0  0 0 0 0  0 0 0 0  0 0 0 0  0 0 0 0  0 0 0 0  0 0 0 0  0 0 0 0  0 0 0 0  0 0 0 0  0 0 0 0  0 0 0 0  0 0 0 0  0 0 0 0  0 0 0 0  0 0 0 0  0 0 0 0  0 0 0 0  0 0 0 0  0 0 0 0  0 0 0 0  0 0 0 0  0 0 0 0  0 0 0 0  0 0 0 0  0 0 0 0  0 0 0 0  0 0 0 0  0 0 0 0  0 0 0 0  0 0 0 0  0 0 0 0  0 0 0 0  0 0 0 0  0 0 0 0  0 0 0 0  0 0 0 0  0 0 0 0  0 0 0 0  0 0 0 0  0 0 0 0  0 0 0 0  0 0 0 0  0 0 0 0  0 0 0 0  0 0 0 0  0 0 0 0  0 0 0 0  0 0 0 0  0 0 0 0  0 0 0 0  0 0 0 0  0 0 0 0  0 0 0 0  0 0 0 0  0 0 0 0  0 0 0 0  0 0 0 0  0 0 0 0  0 0 0 0  0 0 0 0  0 0 0 0  0 0 0 0  0 0 0 0  0 0 0 0  0 0 0 0  
